4.125891156462584775e+01
7.669442176870748540e+01
1.034202721088435339e+02
1.235934693877551069e+02
1.169678911564625849e+02
1.267130612244897918e+02
9.710843537414966420e+01
1.070099319727891185e+02
1.058729251700680294e+02
1.243333333333333286e+02
1.095302040816326468e+02
1.218025850340136031e+02
1.336029931972789200e+02
9.432408163265306200e+01
8.860517006802720630e+01
8.942299319727891316e+01
9.351238095238095127e+01
1.071450340136054393e+02
1.012791836734693902e+02
1.024448979591836775e+02
8.611877551020408816e+01
1.107368707482993244e+02
1.011704761904761938e+02
9.311605442176870895e+01
9.130870748299319928e+01
9.904612244897958817e+01
8.843292517006803166e+01
1.074937414965986449e+02
1.013295238095238062e+02
9.100013605442177322e+01
1.644896598639455760e+02
1.782102040816326394e+02
1.569703401360544319e+02
1.186533333333333360e+02
9.094775510204081570e+01
8.406707482993196834e+01
9.787142857142856656e+01
8.222244897959183163e+01
8.219714285714285040e+01
8.103727891156462704e+01
8.706829931972788472e+01
8.306095238095238642e+01
8.197034013605441771e+01
7.987795918367346815e+01
8.845605442176871236e+01
7.726340136054422203e+01
6.974802721088435931e+01
8.056163265306122412e+01
7.680380952380951953e+01
7.919523809523809632e+01
6.424476190476190141e+01
6.869156462585034717e+01
1.418055782312925146e+02
2.330168707482993113e+02
9.860312925170067899e+01
7.225714285714285268e+01
8.198802721088435419e+01
9.353632653061224289e+01
1.156010884353741517e+02
1.068715646258503398e+02
8.674802721088435931e+01
8.541020408163265643e+01
3.157209523809523830e+02
8.918008163265305939e+02
2.251908843537414953e+02
1.333915646258503500e+02
2.319202721088435339e+02
2.081687074829931987e+02
4.107024489795918498e+02
9.238789115646258665e+01
8.822829931972789552e+01
1.433508843537414919e+02
1.593721088435374043e+02
1.491536054421768824e+02
3.117326530612244824e+02
3.545540136054421509e+02
3.363930612244897702e+02
3.681160544217686947e+02
1.580027210884353792e+02
3.500631292517006727e+02
2.751949659863945499e+02
1.096235374149659805e+02
1.066770068027210954e+02
2.057574149659863849e+02
1.426676190476190413e+02
1.072917006802721147e+02
9.427224489795918316e+01
8.562816326530612798e+01
8.675047619047619207e+01
9.236503401360543819e+01
8.734884353741496454e+01
7.602517006802720800e+01
7.070340136054421976e+01
7.250911564625850758e+01
8.368789115646258381e+01
7.538421768707482329e+01
7.396326530612245165e+01
7.248367346938775313e+01
7.101632653061224687e+01
7.227455782312925692e+01
7.364190476190476886e+01
7.380013605442177038e+01
8.619469387755101764e+01
1.362435374149659992e+02
8.193319727891156390e+01
9.541782312925170118e+01
7.494938775510203754e+01
8.576789115646258210e+01
8.646857142857142264e+01
1.023092517006802780e+02
1.357971428571428589e+02
1.050042176870748278e+02
1.028991836734693948e+02
9.436489795918367918e+01
8.620884353741496398e+01
7.389020408163264619e+01
7.738843537414966534e+01
8.892816326530612514e+01
4.725240816326530648e+02
5.042708843537415078e+02
3.041023129251700539e+02
2.191712925170068047e+02
1.907527891156462658e+02
1.081715646258503369e+02
1.195006802721088377e+02
8.595020408163264847e+01
8.644122448979591411e+01
8.171918367346938794e+01
7.508843537414965397e+01
8.399741496598639401e+01
8.160721088435374782e+01
7.461197278911564013e+01
7.190884353741496682e+01
6.796639455782313632e+01
7.077238095238095639e+01
7.365197278911564638e+01
6.757455782312925407e+01
6.798068027210884168e+01
6.630544217687074138e+01
6.213809523809523938e+01
6.651224489795917805e+01
6.525306122448979806e+01
6.279510204081632452e+01
7.096231292517006750e+01
6.748068027210884168e+01
6.973278911564625560e+01
7.730884353741497250e+01
7.390312925170067615e+01
9.629428571428572070e+01
8.989809523809523739e+01
1.055243537414965971e+02
1.127002721088435351e+02
1.017608163265306160e+02
1.048068027210884310e+02
9.116435374149659765e+01
9.613863945578231096e+01
8.010734693877550683e+01
1.769195918367346962e+02
1.356372789115646356e+02
1.691877551020408248e+02
9.203914285714286052e+02
7.134165986394557422e+02
2.458025850340136174e+02
5.340423129251701084e+02
4.445827210884353917e+02
1.279918367346938766e+02
1.019469795918367367e+03
7.261510204081632764e+02
3.562915646258503557e+02
1.263787755102040791e+02
3.975420408163265051e+02
3.465055782312925317e+02
4.893866666666666561e+02
2.058331972789115696e+02
2.939179591836734744e+02
4.490585034013605537e+02
3.748670748299319939e+02
2.437389115646258517e+02
6.097518367346938248e+02
1.626082993197279052e+02
1.043955102040816314e+02
1.132676190476190499e+02
1.212836734693877503e+02
7.925129251700680300e+01
8.712707482993197061e+01
7.865959183673469113e+01
1.126242176870748324e+02
9.632258503401359917e+01
4.508804081632653151e+02
3.159964625850340099e+02
4.712390476190475965e+02
6.696255782312924794e+02
5.142639455782313007e+02
7.986361904761904498e+02
1.778488435374149788e+02
3.696133333333333439e+02
8.650653061224490159e+01
8.111959183673469909e+01
6.764489795918368031e+01
6.589877551020407509e+01
8.011387755102040842e+01
8.414517006802721255e+01
8.252911564625850360e+01
9.733278911564626412e+01
1.410825850340136185e+02
1.032016326530612247e+02
8.754761904761905100e+01
9.429945578231291847e+01
6.808707482993197857e+01
7.937904761904762552e+01
8.706612244897959840e+01
8.441850340136053887e+01
7.398721088435374327e+01
7.999700680272108855e+01
8.564176870748299564e+01
7.702748299319728176e+01
6.792897959183673606e+01
8.043496598639455897e+01
7.738503401360544842e+01
7.867755102040815984e+01
9.277251700680271540e+01
9.413346938775509898e+01
9.495646258503401782e+01
1.072499319727891134e+02
8.317931972789115491e+01
9.635727891156462022e+01
8.048040816326530944e+01
7.506027210884353451e+01
8.748884353741496511e+01
1.069816326530612258e+02
9.181047619047619435e+01
7.341251700680271597e+01
1.077312925170068070e+02
2.582368707482993386e+02
1.121394557823129219e+02
1.082594557823129264e+02
8.190517006802721767e+01
9.874707482993197516e+01
7.604952380952380508e+01
7.802721088435373531e+01
8.821129251700679674e+01
7.560489795918367406e+01
7.909972789115646208e+01
8.165387755102041467e+01
6.985129251700679731e+01
8.284530612244897441e+01
7.905346938775510068e+01
9.188925170068027626e+01
8.326367346938775427e+01
7.167224489795918885e+01
8.697904761904761983e+01
8.945414965986394407e+01
1.296409523809523705e+02
1.383387755102040728e+02
1.721104761904761915e+02
1.556623129251700561e+02
1.360187755102040796e+02
1.668432653061224471e+02
1.339254421768707459e+02
1.551782312925170118e+02
1.396307482993197198e+02
1.772272108843537524e+02
1.357330612244898020e+02
1.530942857142857179e+02
1.268953741496598582e+02
1.433518367346938760e+02
1.723274829931972647e+02
1.585435374149659822e+02
1.611961904761904805e+02
1.216911564625850275e+02
5.069323809523809246e+02
5.814221768707483307e+02
2.824355102040816519e+02
3.041682993197279075e+02
3.758504761904761722e+02
2.533616326530612355e+02
3.767668027210884247e+02
7.507623129251700220e+02
4.805809523809523967e+02
5.449529251700680561e+02
1.453081632653061206e+02
1.606915646258503330e+02
3.889149659863945772e+02
6.227163265306122639e+02
1.020671700680272124e+03
6.202825850340135503e+02
2.161435510204081766e+03
1.554571972789115534e+03
9.903723809523809223e+02
1.355574693877550999e+03
5.348770068027210982e+02
4.185051700680272120e+02
7.081315646258503875e+02
6.038847619047619446e+02
6.069063945578230914e+02
3.722917006802721289e+02
2.363364625850340133e+02
2.838613605442176890e+02
3.845795918367347213e+02
2.873602721088435601e+02
2.891692517006802632e+02
4.757442176870748085e+02
5.349429931972789518e+02
3.350657142857143072e+02
2.469307482993197311e+02
1.501378231292517000e+02
2.007206802721088366e+02
1.349359183673469431e+02
1.137749659863945624e+02
1.804050340136054444e+02
1.854719727891156538e+02
1.862970068027210857e+02
2.819668027210884134e+02
2.468892517006802620e+02
2.601779591836734653e+02
2.138051700680272234e+02
2.864289795918367076e+02
1.570386394557823166e+02
1.238753741496598622e+02
1.343579591836734721e+02
1.339359183673469431e+02
1.253262585034013625e+02
1.251323809523809558e+02
6.719877551020408646e+02
2.915662585034013432e+02
2.111926530612244903e+02
1.943587755102040774e+03
1.670497959183673402e+03
1.239112653061224592e+03
5.816970068027210345e+02
3.208394557823129389e+02
2.287921088435374202e+02
1.939853061224489750e+02
1.205303401360544200e+02
1.088666666666666600e+02
9.146843537414966363e+01
7.347197278911563956e+01
8.054517006802720402e+01
8.757469387755102730e+01
6.626952380952380395e+01
7.212802721088435476e+01
6.470353741496599298e+01
6.780653061224489875e+01
6.179891156462584689e+01
1.866050340136054331e+02
8.128585034013605082e+01
6.713741496598639458e+01
7.277088435374149356e+01
6.403224489795918828e+01
7.593224489795917975e+01
9.070489795918366838e+01
7.886938775510203925e+01
9.167605442176871122e+01
8.401687074829932556e+01
7.128312925170068581e+01
6.075251700680271938e+01
6.364095238095237761e+01
6.426027210884353735e+01
8.096217687074829428e+01
6.837006802721089116e+01
6.986217687074829996e+01
6.663551020408162628e+01
7.610897959183672867e+01
8.435469387755101422e+01
6.753020408163264676e+01
7.234884353741496454e+01
6.212299319727890889e+01
6.942176870748299677e+01
8.236149659863946226e+01
5.730326530612244795e+01
7.215537414965986329e+01
9.061142857142857565e+01
9.365197278911564638e+01
9.011564625850340349e+01
9.965986394557823758e+01
1.334851700680272018e+02
1.286842176870748347e+02
9.356204081632652958e+01
9.106761904761904702e+01
1.235210884353741534e+02
1.014073469387755040e+02
1.041413605442176902e+02
8.513265306122448806e+01
9.225931972789115321e+01
8.260829931972789097e+01
8.487360544217686709e+01
9.857306122448979124e+01
7.791945578231292302e+01
7.683619047619048104e+01
8.740612244897958760e+01
7.733020408163265813e+01
8.078353741496599127e+01
7.200340136054421691e+01
7.540054421768707016e+01
8.699700680272108855e+01
6.642176870748299677e+01
5.830340136054422118e+01
8.508217687074829882e+01
6.963319727891156674e+01
6.240544217687074990e+01
7.267278911564625332e+01
7.668040816326531228e+01
8.018503401360544558e+01
8.925836734693876906e+01
8.142054421768708039e+01
1.425691156462584956e+02
1.747307482993197141e+02
1.460771428571428601e+02
1.472907482993197164e+02
8.559360544217686595e+01
7.027251700680271540e+01
7.375319727891157129e+01
9.967374149659863747e+01
1.096119727891156401e+02
8.617428571428571615e+01
6.765768707482993705e+01
1.255552380952380958e+02
1.390008163265306109e+02
1.212289795918367332e+02
1.257714285714285722e+02
1.111051700680272063e+02
1.679137414965986466e+02
1.808661224489795813e+02
1.722789115646258438e+02
1.686657142857142730e+02
1.675555102040816280e+02
1.773420408163265165e+02
1.608299319727891259e+02
1.527122448979591809e+02
1.721876190476190516e+02
2.182348299319727971e+02
8.947453061224489375e+02
9.739776870748299871e+02
6.865564625850340690e+02
4.954300680272108934e+02
1.804846258503401373e+02
1.550859863945578354e+02
1.596170068027210789e+02
1.652485714285714380e+02
1.437711564625850258e+02
1.293206802721088309e+02
1.538287074829931953e+02
1.953072108843537364e+02
1.820186394557823064e+02
2.201673469387755233e+02
1.679626802721088325e+03
1.935912925170068092e+03
9.570326530612244369e+02
1.177840408163265238e+03
6.215537414965986045e+02
1.748038095238095138e+03
5.092333333333333485e+02
7.404523809523809632e+02
5.819734693877551308e+02
3.564455782312925294e+02
6.342157823129251710e+02
2.163915102040816237e+03
2.021620680272108757e+03
1.308960680272108902e+03
5.544672108843537899e+02
1.747971428571428589e+02
1.615414965986394691e+02
1.615673469387755006e+02
1.286621768707483113e+02
9.262394557823128594e+01
2.127127891156462454e+02
1.525473061224489811e+03
1.461290884353741603e+03
1.389392925170068111e+03
4.840386394557822882e+02
1.729833741496598577e+03
7.627590476190475783e+02
1.136667074829932062e+03
1.234687619047619137e+03
7.710065306122448874e+02
1.186193197278911526e+02
8.991557823129252256e+02
5.977927891156463147e+02
8.762454421768707107e+02
3.824946938775510148e+02
6.892775510204081968e+01
9.034136054421769302e+01
6.153888435374149140e+02
5.635986394557822905e+02
4.461918367346938794e+02
1.725534693877551149e+02
7.066896598639456215e+02
1.650416326530612139e+02
6.397775510204081684e+02
1.234631700680272161e+03
1.388866530612244787e+03
5.667733333333333121e+02
6.114468027210884884e+02
4.617390476190475965e+02
2.407236734693877622e+02
8.037572789115646401e+02
3.472329251700680288e+02
1.016503401360544245e+02
8.133496598639456465e+01
6.906748299319727380e+01
6.511782312925170402e+01
6.934653061224490500e+01
5.046761904761904560e+01
9.789304761904761563e+02
1.032039319727891098e+03
4.637446258503401282e+02
1.190211292517006768e+03
5.952853061224490148e+02
9.061353741496598104e+02
5.441167346938775609e+02
3.841978231292516739e+02
7.138525170068027137e+02
4.945393197278911543e+02
5.773353741496598559e+02
5.072144217687074956e+02
8.250850340136054228e+02
3.361654421768707266e+02
2.354165986394557706e+02
1.004277551020408168e+03
1.311462312925170181e+03
1.003865306122448942e+03
6.064736054421769040e+02
1.245488435374149674e+02
8.747251700680271824e+01
6.816802721088434680e+01
5.429319727891156333e+01
1.345891156462585059e+02
1.209357959183673529e+03
1.012477687074829987e+03
8.084880272108842973e+02
6.999360544217687448e+02
8.409017687074830292e+02
6.382429931972789063e+02
4.925642176870748017e+02
2.468882993197278779e+02
7.658470748299320121e+02
5.952895238095237573e+02
4.840551020408163367e+02
5.049070748299319575e+02
4.112400000000000091e+02
7.991983673469387668e+02
7.592031292517007159e+02
4.827272108843537239e+02
7.826995918367347258e+02
8.366416326530612650e+02
5.944530612244898293e+02
1.458561632653061224e+03
1.503384897959183718e+03
6.449356462585034251e+02
1.755368707482993216e+02
1.723711564625850201e+02
1.099792653061224428e+03
7.035330612244897566e+02
1.248537823129251592e+03
9.441073469387755495e+02
7.738759183673469124e+02
1.685304081632653151e+03
9.966991836734694061e+02
5.157235374149660174e+02
7.417654421768706925e+02
1.228552380952380872e+03
5.542744217687074979e+02
2.246021768707483091e+02
6.629351020408163322e+02
1.492870068027210891e+03
1.002070612244897916e+03
6.832359183673469261e+02
5.968853061224489238e+02
4.908066666666666720e+02
7.003472108843537853e+02
9.691404081632653060e+02
5.775717006802721016e+02
2.126891156462585002e+02
1.778589115646258563e+02
1.993976870748299461e+02
1.656276734693877643e+03
4.209798639455782450e+02
1.296323401360544267e+03
8.348379591836734335e+02
7.848201360544218232e+02
7.400778231292516693e+02
5.883152380952381009e+02
6.986489795918366781e+02
5.160825850340136185e+02
2.955526530612244756e+02
1.827253061224489841e+02
2.136552380952381043e+02
2.078182312925169981e+02
1.748522448979591957e+02
1.898427210884353826e+02
1.687843537414966022e+02
1.807189115646258415e+02
8.641915646258503330e+02
1.544081632653061206e+03
8.067685714285714766e+02
3.744993197278911339e+02
1.098476190476190482e+02
4.712715646258503170e+02
5.567345578231293075e+02
7.550776870748298961e+02
5.636695238095237528e+02
1.504117006802721107e+03
5.681960544217687357e+02
2.611287074829932067e+02
8.223405442176871247e+02
8.921304761904762017e+02
2.096187755102040740e+02
6.112380952380952692e+01
9.738999999999999773e+02
7.322057142857142935e+02
6.265560544217687493e+02
2.405099727891156363e+03
7.425531972789115116e+02
6.520668027210883793e+02
2.728945578231292757e+02
6.505138775510204141e+02
5.083676190476190300e+02
6.516125170068027046e+02
6.223171428571428123e+02
1.833529251700680334e+02
8.903047619047619321e+01
6.252802721088435334e+01
7.299605442176870440e+01
5.657578231292517046e+01
5.925999999999999801e+01
6.146489795918367349e+01
5.796598639455782376e+01
5.667918367346938879e+01
6.245265306122448834e+01
5.885360544217687107e+01
7.497088435374149640e+01
5.313537414965986727e+01
5.817510204081632708e+01
5.963006802721088206e+01
6.962027210884353678e+01
1.644081632653061149e+02
6.890258503401361168e+01
6.354367346938775540e+01
5.282340136054421720e+01
7.199877551020408362e+01
7.111619047619048217e+01
6.489047619047619264e+01
6.119374149659864059e+01
5.862843537414966022e+01
7.154394557823128764e+01
6.511047619047619150e+01
5.712394557823129304e+01
6.068394557823129531e+01
6.396911564625850133e+01
6.023482993197279001e+01
6.518734693877550512e+01
6.596517006802720573e+01
6.215102040816326223e+01
6.354639455782312751e+01
7.096938775510204778e+01
7.579414965986394748e+01
7.183278911564626412e+01
6.950027210884353224e+01
7.130408163265306598e+01
6.533510204081632367e+01
6.408435374149659935e+01
6.642666666666666231e+01
6.047850340136054115e+01
6.809156462585033864e+01
7.071183673469387543e+01
7.683074829931972261e+01
6.526095238095237505e+01
7.106013605442177550e+01
6.777931972789116344e+01
6.573523809523808836e+01
6.046244897959183362e+01
7.077632653061225199e+01
6.728503401360543990e+01
6.453183673469388282e+01
7.477755102040816837e+01
6.977265306122448862e+01
6.702476190476190254e+01
6.172843537414966164e+01
6.119959183673469738e+01
7.294231292517007148e+01
7.268925170068027342e+01
7.512027210884353678e+01
5.704707482993197232e+01
5.485428571428571587e+01
6.505238095238095752e+01
6.746666666666666856e+01
6.412163265306122639e+01
6.862544217687074877e+01
6.421020408163265358e+01
6.794707482993197800e+01
6.311986394557823132e+01
6.405877551020408589e+01
5.990013605442177180e+01
6.917142857142857792e+01
6.794108843537415510e+01
5.858857142857142719e+01
5.753768707482993250e+01
6.366857142857142549e+01
6.743700680272108627e+01
6.705034013605441601e+01
7.309142857142856542e+01
6.840557823129252313e+01
2.011175510204081718e+02
9.911292517006802427e+01
5.417646258503401668e+01
6.616272108843537580e+01
5.808462585034013870e+01
6.389170068027210903e+01
1.798555102040816394e+02
7.281414965986394350e+01
9.609646258503401839e+01
7.305591836734693345e+01
7.377673469387755745e+01
7.986896598639456215e+02
1.680427210884353826e+03
1.359428299319727785e+03
1.344033333333333303e+03
9.890748299319727721e+02
1.374654965986394473e+03
1.301963673469387686e+03
9.072983673469387895e+02
1.051393061224489884e+03
7.379782312925169663e+02
9.462884353741496852e+02
5.085195918367347190e+02
9.945334693877550762e+02
1.033270476190476302e+03
1.300053197278911512e+03
8.580991836734693834e+02
9.258763265306122321e+02
8.605236734693877452e+02
1.177331700680272206e+03
5.726531972789115343e+02
6.327518367346938248e+02
1.252778231292516921e+03
1.039562176870748317e+03
9.350538775510203777e+02
2.551165986394557876e+02
1.582255782312925305e+02
1.436978231292517023e+02
1.552778231292517148e+02
6.403502040816326826e+02
1.147095102040816300e+03
5.468813605442177277e+02
8.910749659863945453e+02
5.957374149659864315e+02
9.064612244897959670e+01
5.805583673469387804e+02
8.862254421768707289e+02
6.830374149659863861e+02
4.752556462585034183e+02
6.508761904761904304e+01
9.078462585034013728e+02
2.997321088435373895e+02
3.726636734693877315e+02
1.428023129251700709e+02
8.078389115646258460e+02
6.047356462585033796e+02
2.892186394557822950e+02
1.433414965986394520e+02
2.588699319727891179e+02
1.398221632653061306e+03
1.188633605442176759e+03
8.320917006802720834e+02
7.530572789115645946e+02
3.112365986394557922e+02
9.750530612244898521e+01
6.784027210884353565e+01
5.542163265306122355e+01
5.009802721088435646e+02
4.292040816326530717e+02
6.493836734693877588e+01
5.015336054421768495e+02
1.123838367346938867e+03
4.754998639455782268e+02
4.310151020408163163e+02
4.026149659863945658e+02
9.845519727891156663e+02
5.297955102040816655e+02
4.997625850340136253e+02
2.283746938775510102e+02
1.151052244897959099e+03
5.436861224489796314e+02
1.202782312925170061e+02
9.019783673469387395e+02
1.204867755102040746e+03
6.493291156462585150e+02
6.005717006802721016e+02
3.130299319727891429e+02
5.163312925170067729e+02
5.159504761904761381e+02
4.207786394557822973e+02
3.395148299319727698e+02
5.081989115646258597e+02
9.116680272108843610e+02
4.914010884353741631e+02
7.369092517006802154e+02
7.542965986394557376e+02
6.253383673469387531e+02
1.285176190476190413e+03
9.914936054421768858e+02
3.806727891156462533e+02
1.175209523809523802e+02
9.192476190476190823e+01
2.485751972789115825e+03
1.601799319727891088e+03
1.121794421768707480e+03
1.328139319727891234e+03
5.235998639455782495e+02
3.766104761904761631e+02
1.107456734693877479e+03
7.360348299319728085e+02
1.384333061224489711e+03
8.563636734693877770e+02
1.066362585034013591e+03
2.612526530612244642e+02
5.711736054421768358e+02
6.279965986394557831e+02
8.243593197278911475e+02
1.113216462585033923e+03
7.427880272108843656e+02
1.279120544217686984e+03
7.123536054421768995e+02
5.864933333333333394e+02
1.043516598639455879e+03
6.280114285714286098e+02
2.906847619047618991e+02
3.274708843537414964e+02
4.301497959183673743e+02
3.316054421768707243e+02
1.400009523809523841e+02
1.090527074829931962e+03
5.769760544217687084e+02
1.256823129251700664e+02
8.861197278911564013e+01
1.037691156462584985e+02
1.207757823129251733e+02
7.660612244897959044e+01
8.508108843537415567e+01
7.097455782312924555e+01
6.078653061224489562e+01
8.624789115646258324e+02
7.599628571428571604e+02
6.297087074829931908e+02
3.613742857142856906e+02
6.581670748299319484e+02
5.357783673469388077e+02
4.332699319727890952e+02
1.951968707482993182e+02
1.101662857142857092e+03
1.306440000000000055e+03
6.895638095238094820e+02
3.297770068027210755e+02
5.209359183673469715e+02
6.792021768707483034e+02
9.485727891156462874e+02
6.007551020408163822e+02
4.770088435374149753e+02
6.598643537414966431e+02
5.975287074829932408e+02
9.671915646258503330e+02
4.873727891156462420e+02
1.104426530612244960e+03
4.320752380952380918e+02
1.242604761904761972e+03
1.668072380952380854e+03
3.296114285714285757e+02
9.440217687074830621e+01
6.839102040816327133e+01
1.171500136054421773e+03
3.760246258503401577e+02
9.199137414965986181e+02
9.878288435374149685e+02
8.695627210884354099e+02
2.221628571428571377e+03
6.210051700680271551e+02
1.025656054421768658e+03
6.030941496598640015e+02
1.766248027210884402e+03
1.798206802721088479e+03
3.520450340136054592e+02
6.574863945578231323e+02
6.170367346938775199e+02
2.190636734693877656e+02
8.543274829931972363e+02
9.438055782312925430e+02
5.244221768707483307e+02
6.346393197278911202e+02
2.809619047619047478e+02
7.515115646258503546e+01
7.522435374149659992e+01
9.771487074829932453e+02
6.297620408163264756e+02
9.239772789115646674e+02
2.760104761904761972e+02
4.824134693877551285e+02
1.403502448979591918e+03
6.421046258503400850e+02
1.571891020408163286e+03
9.323847619047619446e+02
8.761809523809523625e+02
4.673121088435374304e+02
6.505872108843537944e+02
8.672093877551020569e+02
3.433363265306122685e+02
5.906503401360544103e+02
6.461906122448979204e+02
5.239078911564625969e+02
4.512738775510204050e+02
6.452523809523809177e+02
2.893744217687074638e+02
6.547361904761904725e+02
4.444157823129251597e+02
4.544405442176870906e+02
4.998866666666666561e+02
2.457299319727891032e+02
4.476783673469387850e+02
1.147267619047619064e+03
1.080645578231292575e+03
2.196376870748299268e+02
9.300006802721088661e+02
1.211509659863945672e+03
3.844304761904762131e+02
1.034932244897959208e+03
4.237170068027210732e+02
1.091164353741496598e+03
1.607429931972789063e+02
1.091677551020408146e+02
8.269755102040817007e+01
5.724134693877550717e+02
2.172804081632652924e+02
8.235967346938775790e+02
1.280613605442176777e+03
2.186936054421768745e+02
8.353591836734693743e+01
8.304095238095237619e+01
5.903088435374149867e+01
1.543748979591836815e+03
3.667353333333333467e+03
2.690825170068027091e+03
1.902774421768707498e+03
1.100519863945578209e+03
9.352797278911564263e+02
1.138493877551020432e+02
1.661239183673469370e+03
9.169891156462584831e+02
8.915138775510204141e+02
5.249589115646258506e+02
2.415657142857142787e+02
1.142017142857142744e+03
1.550080272108843474e+03
2.522258231292516939e+03
1.678310068027210946e+03
1.727987210884353772e+03
2.734674829931972795e+02
8.894149659863946056e+01
9.612965986394557660e+01
8.205619047619047990e+01
8.862598639455782745e+01
8.526000000000000512e+01
5.960946938775509807e+02
9.272783673469388077e+02
1.010360952380952426e+03
2.052596734693877352e+03
2.374463537414966140e+03
1.693193469387755158e+03
1.029232925170068029e+03
1.463598639455782404e+02
1.196706122448979528e+02
1.016312925170067984e+02
9.721863945578230926e+01
1.215595374149659847e+03
9.611895238095238483e+02
1.137437687074829910e+03
9.208691156462584786e+02
8.943315646258503193e+02
1.575217278911564563e+03
1.449356598639455797e+03
2.271401768707482915e+03
2.273743537414965886e+03
1.971340136054421691e+03
3.144198639455782427e+02
1.209038911564625778e+03
9.575235374149659719e+02
1.375595238095238074e+03
5.410810884353741130e+02
4.868463945578231460e+02
3.739511564625850610e+02
7.405489795918367690e+02
6.787927891156463147e+02
6.358217687074829882e+02
6.181591836734694425e+02
4.853748299319727835e+02
4.956733333333333462e+02
4.776865306122448942e+02
2.796266666666666652e+02
1.160039455782312956e+02
1.210002721088435322e+02
9.149891156462585684e+01
8.757197278911564808e+01
7.922897959183673322e+01
8.414693877551020762e+01
5.528738775510204277e+02
1.564353469387755013e+03
2.139454149659864015e+03
1.946101496598639415e+03
1.007248571428571381e+03
7.171474829931972863e+02
4.241129251700680243e+02
1.226095374149659847e+03
6.426103401360544467e+02
1.684982312925170049e+02
8.613270748299319166e+02
9.414055782312925658e+02
4.181074829931972658e+02
1.316903401360544308e+02
1.376244897959183788e+02
1.196142857142857139e+02
1.329801360544217630e+02
1.285786394557823087e+02
1.872495374149659938e+03
1.295603265306122466e+03
7.311399999999999864e+02
4.894608163265306189e+02
6.267722448979592400e+02
4.911907482993197505e+02
2.957568707482993204e+02
2.736865306122448942e+02
1.431535646258503448e+03
1.643008571428571486e+03
1.482473197278911584e+03
3.642140136054421760e+02
8.214029931972788745e+02
6.461813605442176822e+02
9.442225850340136049e+02
1.769729251700680379e+03
6.634785034013605127e+02
5.569395918367347349e+02
9.743814965986395009e+02
5.856876190476190231e+02
3.930644897959183481e+02
8.092100680272109230e+02
1.160397142857142853e+03
3.430982312925170277e+02
1.002314285714285660e+02
8.592380952380952408e+01
7.650054421768707869e+01
1.173410476190476174e+03
1.070762993197279002e+03
9.099474829931972408e+02
9.595514285714285734e+02
5.302594557823128980e+02
4.547801360544217459e+02
1.218331700680272206e+03
5.396360544217686765e+02
6.092850340136054683e+02
1.192671428571428578e+03
8.541631292517006386e+02
8.751843537414965795e+02
6.844277551020408055e+02
2.758938775510204096e+02
1.045923265306122403e+03
9.881740136054421555e+02
6.428529251700680334e+02
6.630934693877551354e+02
3.073897959183673265e+02
3.038478911564625946e+02
6.469763265306122548e+02
3.834563265306122730e+02
5.397379591836735244e+02
8.159427210884354054e+02
7.580208163265306212e+02
5.490405442176870565e+02
8.142141496598638923e+02
1.339654421768707380e+02
8.218231292517006636e+01
7.312598639455782745e+01
6.258585034013605508e+01
5.909904761904761727e+01
1.350316054421768740e+03
4.205457142857142685e+02
7.351070748299320030e+02
2.625477551020408100e+02
1.435493333333333339e+03
1.399614829931972736e+03
7.158400000000000318e+02
2.754544217687075047e+02
5.356597278911564217e+02
8.470557823129252029e+02
7.902764625850339826e+02
3.193185034013605446e+02
1.386861904761904725e+03
1.258687755102040910e+03
6.652053061224489738e+02
1.021485306122448947e+03
2.616020408163265074e+02
8.128111564625850178e+02
6.978814965986395009e+02
4.645827210884353917e+02
5.583759183673469124e+02
5.439825850340135958e+02
8.470468027210883974e+02
7.515602721088434919e+02
2.679938775510204323e+02
9.204685714285714084e+02
8.566210884353741903e+02
5.716737414965986090e+02
8.367873469387754994e+02
4.426469387755101934e+02
6.612217687074830508e+01
8.138775510204081343e+01
8.332285714285714562e+01
9.149183673469387656e+01
6.883265306122449090e+01
6.271428571428571530e+01
1.109283945578231396e+03
6.962785034013605809e+02
6.115492517006803155e+02
5.580048979591837224e+02
7.616141496598639833e+02
2.202336054421768665e+02
6.015985034013605173e+02
3.703476190476190482e+02
3.322648979591836564e+02
2.236734693877550910e+02
1.133488435374149645e+02
9.722653061224490045e+01
7.702666666666667084e+01
7.644721088435373701e+01
3.512995918367346917e+02
1.035941496598639446e+02
5.577156462585033836e+01
9.774380952380951726e+01
7.505061224489796246e+01
7.838217687074829598e+01
6.758353741496598843e+01
5.672149659863945459e+01
6.803755102040815927e+01
6.408666666666667311e+01
5.735401360544217653e+01
5.945632653061224460e+01
6.357959183673469283e+01
6.192775510204081968e+01
5.641836734693877276e+01
6.388462585034013586e+01
5.490367346938775484e+01
5.967591836734693800e+01
5.873387755102040586e+01
5.955142857142857338e+01
6.846054421768707243e+01
5.859442176870748398e+01
6.734394557823129901e+01
6.697727891156462476e+01
6.263687074829932300e+01
6.721102040816326451e+01
6.404476190476189856e+01
6.990448979591836576e+01
6.422136054421768847e+01
6.340367346938775484e+01
6.653659863945578934e+01
6.504040816326531171e+01
6.109687074829931674e+01
6.486761904761904418e+01
6.691850340136053887e+01
6.394965986394557689e+01
7.132149659863945601e+01
7.430530612244898236e+01
7.504272108843537126e+01
7.557945578231291961e+01
7.116380952380951896e+01
7.066476190476190311e+01
6.995088435374150038e+01
9.225020408163265984e+01
1.893202721088435396e+02
7.345959183673468829e+01
7.011673469387754665e+01
7.033006802721088491e+01
7.761591836734693572e+01
7.178748299319727266e+01
6.606462585034013557e+01
1.514609795918367354e+03
1.558390612244897966e+03
8.627016326530612105e+02
1.682658639455782350e+03
7.936723809523809905e+02
7.310530612244898521e+02
1.077552108843537326e+03
9.310877551020407736e+02
6.586077551020408691e+02
5.948944217687075025e+02
8.825352380952381282e+02
1.140040680272108830e+03
1.578068571428571431e+03
8.462149659863945317e+02
9.899696598639455942e+02
9.603004081632652742e+02
4.229157823129251597e+02
4.345453061224490057e+02
9.156091156462584877e+02
5.164575510204081183e+02
6.953311564625849996e+02
8.296972789115645810e+02
8.451767346938775063e+02
7.529704761904762336e+02
5.546488435374150185e+02
4.478268027210884270e+02
1.168148979591836678e+03
4.324602721088435260e+02
3.167058503401360667e+02
3.428338775510204073e+02
4.504399999999999977e+02
3.013329251700680516e+02
4.565949659863945840e+02
1.177248843537415041e+03
5.843927891156462238e+02
6.007318367346938430e+02
1.830031292517006705e+02
4.501672108843537217e+02
8.714755102040816155e+02
2.523761904761904873e+02
1.181902040816326576e+02
9.329727891156463215e+01
5.942884353741496284e+01
6.095687074829931618e+01
8.426390476190475738e+02
7.167340136054422146e+02
7.927136054421769131e+02
7.404180952380952476e+02
1.401123265306122448e+03
1.444317959183673565e+03
1.213193605442176931e+03
1.112647482993197173e+03
8.672036734693878088e+02
7.532877551020408191e+02
2.417808163265306121e+02
8.222439455782313189e+02
8.766029931972789200e+02
8.064934693877551126e+02
9.854068027210884395e+01
7.305564625850340121e+01
6.599006802721088150e+01
2.237051700680272006e+02
2.153399047619047451e+03
2.603059863945578059e+02
1.100227210884353752e+02
1.917394557823129162e+02
9.643208163265305757e+02
1.588324625850340226e+03
1.006134557823129285e+03
1.226345578231292620e+03
1.728009523809523898e+03
5.120383673469387986e+02
7.998310204081632264e+02
1.253761768707483043e+03
9.122812244897959317e+02
1.142338095238095320e+03
7.757749659863945908e+02
9.695800000000000409e+02
4.604235374149660061e+02
9.257395918367346894e+02
2.408136598639455769e+03
4.179903401360544422e+02
8.186899319727891680e+02
1.046337414965986454e+03
7.154333333333332803e+02
1.103104761904761943e+02
9.774476190476190141e+01
4.375304761904761790e+02
1.555468027210884429e+03
9.513073469387754812e+02
2.469338775510204016e+02
8.801106122448979932e+02
6.969663945578231505e+02
2.646738775510203823e+02
1.212821904761904761e+03
6.810614965986394509e+02
1.060524625850340044e+03
3.740451700680272324e+02
4.594074829931972772e+02
5.882243537414965431e+02
8.110682993197278847e+02
1.764708435374149758e+03
1.093225442176870729e+03
4.514399999999999977e+02
1.148014557823129280e+03
1.236953061224489829e+03
1.490431020408163249e+03
1.726982993197278802e+03
1.434063537414966049e+03
1.586261224489796007e+02
7.523333333333333428e+01
1.265755782312925248e+03
1.685147891156462492e+03
1.504612789115646365e+03
5.347621768707482488e+02
9.068370068027211346e+02
7.986619047619047933e+02
1.508687074829931873e+02
1.343184217687074806e+03
7.634315646258503421e+02
9.627247619047618628e+02
5.957198639455782541e+02
1.165517414965986291e+03
9.134076190476190504e+02
2.439016326530612275e+02
6.852976870748299234e+02
1.463462585034013728e+02
5.667882993197279120e+02
6.487319727891156163e+02
3.882009523809524012e+02
1.065209523809523802e+02
8.467006802721088832e+01
6.860136054421768392e+01
2.994805442176870542e+02
1.555254421768707516e+03
6.895755102040816382e+02
7.597219047619047387e+02
1.865168027210884247e+03
1.718951428571428551e+03
1.395542448979591882e+03
1.614537414965986386e+02
6.818587755102040546e+02
7.958561904761904771e+02
7.254985034013604945e+02
6.811341496598639651e+02
1.378946938775510205e+02
6.328040816326530660e+01
6.733115646258502807e+01
2.204549659863945692e+02
2.251395918367346951e+02
1.025233469387755122e+03
3.089195918367346962e+02
7.859034013605442226e+01
6.433659863945578650e+01
8.831700680272108173e+01
2.535248979591836758e+02
8.466748299319728233e+01
9.147836734693878213e+01
7.584258503401360940e+01
7.586517006802721141e+01
7.182707482993197345e+01
5.755333333333333456e+01
6.116911564625850417e+01
5.902680272108843695e+01
6.680367346938776052e+01
6.443183673469387429e+01
5.814625850340136282e+01
7.255659863945578536e+01
6.174312925170067956e+01
6.221823129251700379e+01
6.296748299319727948e+01
5.660217687074830195e+01
5.822802721088435618e+01
5.583836734693877446e+01
5.394816326530612116e+01
5.194040816326530319e+01
5.384734693877550882e+01
5.746353741496598388e+01
5.480312925170068183e+01
5.076925170068027171e+01
6.138340136054421947e+01
6.248544217687074820e+01
5.679156462585034149e+01
5.396925170068027455e+01
5.544353741496598786e+01
6.611605442176870895e+01
5.688612244897959158e+01
5.286761904761904418e+01
5.194258503401360372e+01
6.962462585034013784e+01
5.139809523809523739e+01
4.889346938775510409e+01
6.432748299319727892e+01
1.127956462585033961e+02
5.934653061224489790e+01
8.475700680272109366e+01
1.157741496598639515e+02
7.797360544217687561e+01
6.941882993197278893e+02
1.402375510204081593e+03
1.108527482993197282e+03
1.187579591836734608e+03
1.210235510204081720e+03
8.446409523809523989e+02
5.790070748299319803e+02
2.959567346938775358e+02
5.297525170068026910e+02
3.405165986394557649e+02
9.413591836734693743e+02
3.447385034013605605e+02
1.098590476190476153e+02
1.202386802721088543e+03
7.678880272108843883e+02
8.674541496598639014e+02
7.399802721088435646e+02
1.131485714285714295e+02
8.030938775510203698e+01
7.498734693877551649e+01
1.246613469387755003e+03
2.380857414965986209e+03
6.591756462585034342e+02
7.250202721088435283e+02
1.080478095238095193e+03
4.157462585034013500e+02
8.188182312925169981e+02
9.001862585034014046e+02
6.225775510204081229e+02
1.001342993197278929e+03
2.207613877551020323e+03
1.119169931972789072e+03
1.803982312925170106e+02
6.713809523809524080e+02
9.677390476190475965e+02
3.883073469387755381e+02
6.279342857142856928e+02
9.988416326530611968e+02
3.844582312925169845e+02
4.054405442176870906e+02
1.570677551020408202e+02
4.786459863945578377e+02
2.638595918367346940e+02
1.189042993197278975e+03
5.362780952380952613e+02
3.803302040816326439e+02
5.686365986394557694e+02
5.379429931972789518e+02
9.228466666666666924e+02
1.678482993197278859e+02
1.012019047619047569e+02
9.185401360544217653e+01
3.355242176870748381e+02
1.655002040816326598e+03
1.302548571428571449e+03
5.070319727891156276e+02
3.289293877551020273e+02
6.363598639455782404e+02
1.011729795918367358e+03
1.135626530612245006e+03
1.117937006802721044e+03
8.637761904761904361e+02
6.837013605442176640e+02
1.705057278911564708e+03
7.716555102040816791e+02
1.135436598639455724e+03
4.743518367346939044e+02
4.682472108843537626e+02
1.229881360544217614e+03
3.678155102040816473e+02
1.542068027210884225e+02
3.613868027210884293e+02
7.156717006802721244e+02
1.258271156462584941e+03
3.085991836734693834e+02
1.299323809523809530e+02
8.447578231292517614e+01
6.144363265306122912e+02
5.547131972789115935e+02
1.853314285714285745e+02
1.459838095238095264e+02
9.142544217687074593e+01
8.047183673469388054e+01
7.044598639455782063e+01
8.977469387755101593e+01
7.173442176870747744e+01
5.214149659863945629e+01
5.329918367346938624e+01
2.916462176870748408e+03
1.411579727891156381e+03
9.467104761904762427e+02
9.849122448979592264e+02
1.240261768707483043e+03
4.434333333333333371e+02
6.686021768707482806e+02
2.696307482993197482e+02
6.110960544217687129e+02
7.287259863945578218e+02
3.355907482993197277e+02
1.027956598639455706e+03
8.242117006802720880e+02
6.465736054421769268e+02
5.148308843537414532e+02
3.428068027210884452e+02
5.018751020408163299e+02
2.161881632653061160e+02
5.627458503401360304e+02
1.047007755102040846e+03
6.594500680272109321e+02
3.679549659863945408e+02
3.501533333333333076e+02
1.068309659863945626e+03
1.553560136054421719e+03
1.074583129251700711e+03
2.034677687074829919e+03
1.025724897959183636e+03
9.028272108843538035e+01
1.434274829931972874e+02
1.014616326530612298e+02
4.086865306122448942e+02
1.414012108843537362e+03
5.818605442176871065e+02
4.451240816326530876e+02
5.150793197278911748e+02
1.191670884353741485e+03
3.420442176870748199e+02
1.285736326530612132e+03
2.193801360544217687e+02
5.364560544217687266e+02
7.502093877551020569e+02
4.029465306122448851e+02
1.662965034013605418e+03
1.223792789115646201e+03
1.133702040816326644e+03
5.703458503401360531e+02
1.151541496598639469e+03
8.588368707482993614e+02
2.359107482993197209e+02
1.144947074829932035e+03
2.416719727891156253e+03
6.420108843537415169e+02
1.508390748299319739e+03
2.116182176870748208e+03
1.079185306122448992e+03
1.607712653061224501e+03
6.456370068027210891e+02
6.438692517006802518e+02
8.450167346938775381e+02
7.854746938775509761e+02
1.472739047619047597e+03
1.311647210884353854e+03
2.408975510204081729e+02
1.181182312925170095e+02
1.334663945578231221e+02
3.325239455782312916e+02
2.122100272108843455e+03
1.151841768707482970e+03
2.489274829931972818e+03
1.285972108843537399e+03
1.076889115646258460e+03
2.957300680272109048e+02
8.412567346938775472e+02
3.013696598639455715e+02
4.969632653061224659e+01
5.199414965986394321e+01
8.710367346938775768e+01
6.488149659863945828e+01
5.792802721088435192e+01
5.322040816326530432e+01
5.362448979591836462e+01
6.107170068027210874e+01
5.284639455782313178e+01
5.148938775510204380e+01
7.941964625850340553e+02
9.479808163265306575e+02
1.378799047619047542e+03
8.225027210884353508e+02
3.610564625850340121e+02
4.814831292517006887e+02
1.412602857142857147e+03
8.017825850340135503e+02
9.448370068027211346e+02
6.598989115646259052e+02
2.951644897959183709e+02
1.031997551020408082e+03
1.523028571428571354e+02
6.811673469387754665e+01
7.870107482993197436e+02
9.817221768707482852e+02
7.286727891156463102e+02
1.250991836734693834e+02
5.797714285714285865e+01
7.572108843537415623e+01
6.187265306122449005e+01
9.159087074829932362e+02
4.477103401360544126e+02
1.572241632653061288e+03
7.544310204081632492e+02
7.873001360544217277e+02
3.533753741496598764e+02
3.990613605442176777e+02
1.385216326530612321e+02
6.976130612244897975e+02
6.878474829931973318e+02
2.344676190476190527e+02
6.878448979591836121e+01
1.054810884353741471e+02
7.627200000000000273e+02
6.528961904761904407e+02
7.178185034013605446e+02
5.227263945578231414e+02
2.953292517006802882e+02
6.314979591836734585e+01
5.072340136054421578e+01
5.565047619047619065e+01
5.956244897959183504e+01
7.545210884353741676e+01
6.500013605442177322e+01
5.554448979591836633e+01
5.463306122448979352e+01
5.929673469387755347e+01
5.205809523809524109e+01
1.175280272108843604e+02
8.814380952380952294e+01
2.139401224489795823e+03
1.400254693877551063e+03
6.719613605442176549e+02
7.116991836734694061e+02
1.115664761904761917e+03
9.581737414965986090e+02
7.471959183673469624e+02
1.709842176870748176e+02
5.491810884353741358e+02
7.388110204081632446e+02
3.326463945578231574e+02
3.635005442176870929e+02
1.810041088435374149e+03
5.418685714285713857e+02
2.002622585034013582e+03
2.107223401360544358e+03
1.205131836734693934e+03
2.597625850340136253e+02
8.571931972789116116e+01
7.609646258503401839e+01
1.250775238095238137e+03
8.137744217687074979e+02
1.016704217687074788e+03
1.069763537414966095e+03
1.510645578231292575e+03
1.528691428571428560e+03
6.732941496598639333e+02
9.022756462585034569e+02
1.143152925170068102e+03
2.230640816326530569e+02
9.706027210884353451e+01
8.420231292517006239e+01
7.348816326530612741e+01
1.679433741496598714e+03
1.699597551020408218e+03
1.306282721088435437e+03
4.615881632653061502e+02
4.695806802721088502e+02
7.562567346938775472e+02
3.939297959183673470e+02
3.576591836734693857e+02
1.102868979591836705e+03
1.486368979591836705e+03
4.250914285714285938e+02
1.209745714285714257e+03
5.659941496598639787e+02
1.430200952380952458e+03
1.379917006802721062e+03
6.219299319727890634e+02
3.074510204081632878e+02
9.330239455782312916e+02
5.558447619047618673e+02
1.188632925170068120e+03
1.376834013605442124e+03
7.017578231292517330e+02
1.097769523809523889e+03
1.045246122448979577e+03
5.813205442176870292e+02
1.699534693877550922e+02
4.966780952380952385e+02
3.749242176870748153e+02
7.409496598639455556e+01
1.058029931972789086e+02
8.439755102040815871e+01
9.185795918367347213e+01
7.103918367346938112e+01
9.125325170068027774e+02
1.148247210884353763e+03
6.360001360544217732e+02
1.400518095238095157e+03
1.502086802721088361e+03
5.906499319727890907e+02
8.536122448979591582e+01
7.988122448979592036e+02
8.414708843537415532e+02
5.689315646258503421e+02
5.037843537414966022e+02
1.469387755102040956e+02
5.428285714285714221e+02
4.914097959183673652e+02
4.077419047619047774e+02
7.199374149659864486e+01
3.700059863945578513e+02
6.023459863945578263e+02
2.122432653061224528e+02
6.261601360544217414e+02
5.286575510204081638e+02
1.245425850340136122e+02
8.475319727891157129e+01
1.925600000000000023e+02
6.609333333333333371e+01
8.449374149659864486e+01
8.978707482993196720e+01
6.948231292517006352e+01
8.735469387755101422e+01
7.072761904761904361e+01
6.464721088435373986e+01
6.504653061224489363e+01
7.434326530612244710e+01
6.126380952380952039e+01
6.774802721088435931e+01
5.719972789115646350e+01
5.665523809523809717e+01
6.225061224489795819e+01
5.843918367346938680e+01
6.180353741496598730e+01
5.989768707482993193e+01
6.069727891156462363e+01
6.578503401360543990e+01
6.387809523809524137e+01
6.496612244897958988e+01
6.997863945578231437e+01
5.466353741496598673e+01
6.134367346938775256e+01
6.100571428571428356e+01
8.016367346938775995e+01
9.418571428571428328e+01
9.101782312925169549e+01
9.846639455782313632e+01
9.708394557823129389e+01
9.883333333333332860e+01
9.853088435374149867e+01
1.005246258503401293e+02
9.472285714285713709e+01
9.201605442176870042e+01
8.685496598639456067e+01
9.684802721088435362e+01
9.945945578231292927e+01
9.263850340136053774e+01
1.113933333333333309e+02
1.002764625850340110e+02
1.068772789115646304e+02
1.261753741496598593e+02
9.236870748299320155e+01
9.344408163265306655e+01
1.092020408163265301e+02
1.180853061224489835e+02
1.003635374149659896e+02
9.606489795918366781e+01
1.261287074829931925e+02
9.521251700680272734e+01
7.024965986394558115e+01
7.506204081632652958e+01
5.803673469387754835e+01
5.864340136054421748e+01
5.421061224489795904e+01
4.752027210884353536e+01
5.673877551020407850e+01
5.258408163265306001e+01
6.014503401360543933e+01
5.986965986394557859e+01
6.599945578231292131e+01
6.596231292517006750e+01
6.465088435374150322e+01
7.515074829931972999e+01
6.031142857142857139e+01
6.557129251700679617e+01
7.336734693877551194e+01
6.324775510204081286e+01
6.402149659863945885e+01
6.282108843537415055e+01
5.815482993197279171e+01
