0.000000000000000000e+00
4.686743418436669587e-04
7.113612668101784026e-03
5.063665702943921654e-02
2.282216525350933833e-01
7.400783604619963763e-01
1.855810904551493667e+00
3.765592515285657083e+00
6.367523665638539221e+00
9.144347145224909212e+00
1.128512917243566704e+01
1.205996069970141527e+01
1.124267951499992257e+01
9.286997873476998677e+00
7.103016710187390892e+00
5.554836653836782823e+00
4.995762821665167941e+00
5.134202779642083492e+00
5.299494968564487429e+00
4.910700385204422425e+00
3.832546279193898009e+00
2.409257789840327124e+00
1.203939840309248499e+00
6.555919903131371962e-01
8.753167862872753835e-01
1.661126664643763240e+00
2.653025831372485932e+00
3.499187174806459577e+00
3.960683722545524255e+00
3.953333612087948090e+00
3.544878106198592782e+00
2.912002436982791931e+00
2.262992448240618071e+00
1.756021570867802195e+00
1.455127040868572807e+00
1.341576150985128058e+00
1.358114940792660263e+00
1.446556832769179790e+00
1.557524355605350852e+00
1.642454994569823690e+00
1.652645297969516980e+00
1.557685822714462986e+00
1.370506634878684737e+00
1.153562165315856980e+00
9.929153833282193808e-01
9.524305145792264504e-01
1.036549641361298901e+00
1.185778238343210500e+00
1.309809979192785301e+00
1.342162961163106960e+00
1.286342002452302680e+00
1.223337697058932916e+00
1.270880122176337501e+00
1.518136155177304714e+00
1.975972247413689376e+00
2.567391769807672475e+00
3.155618372422753115e+00
3.592949915398651495e+00
3.774767660272916991e+00
3.688185255744791835e+00
3.442240103373564786e+00
3.256498667058279395e+00
3.380577090738712265e+00
3.944139384312875141e+00
4.811168730117674208e+00
5.572688428204280342e+00
5.747212597152536517e+00
5.080488042104471802e+00
3.725019672062345411e+00
2.163711680063582499e+00
9.375098656060760760e-01
3.655178661772738313e-01
4.239619270268820683e-01
8.272170676619949869e-01
1.230159714318239894e+00
1.419486410245772046e+00
1.396880900791818148e+00
1.336977736831592933e+00
1.466619455270952832e+00
1.930747579604448649e+00
2.699741514301483569e+00
3.555639786414205528e+00
4.172253284083933700e+00
4.266739432455021408e+00
3.755070361363401776e+00
2.824087764334116013e+00
1.865416291027325979e+00
1.292069814379829928e+00
1.334435490612529085e+00
1.932910224910027841e+00
2.784096442590294096e+00
3.500733633197126604e+00
3.790488497864823003e+00
3.572853764285391254e+00
2.998858061795555585e+00
2.372947331915033597e+00
2.001408391645167928e+00
2.029610971050159751e+00
2.362798459098307990e+00
2.733724779901030022e+00
2.877977023217335617e+00
2.691520809419561733e+00
2.263483267212438310e+00
1.782948809721880412e+00
1.409133931595538014e+00
1.197150958546673971e+00
1.107424060409694322e+00
1.064644349263806022e+00
1.014226460277756869e+00
9.445548248040716022e-01
8.745126133112762767e-01
8.268721024974431399e-01
8.107957374135663642e-01
8.226403382249772855e-01
8.561151235246906577e-01
9.076912120459595945e-01
9.736144685008687460e-01
1.045462030336230308e+00
1.110372224227579752e+00
1.155300853410218709e+00
1.171283278570439235e+00
1.154819924833761391e+00
1.106390460989509439e+00
1.029488585702145631e+00
9.349518566606407344e-01
8.501144124486114118e-01
8.211684993549657197e-01
8.935178473522648046e-01
1.073288335681866101e+00
1.301049662767889359e+00
1.470390124026925927e+00
1.488393145541121454e+00
1.336893865335346376e+00
1.090019849711733935e+00
8.746623809892069001e-01
7.983376569899979236e-01
8.882579985953212853e-01
1.077629992356273769e+00
1.246355056841189413e+00
1.290596019786119930e+00
1.179969005681902328e+00
9.719161220963747905e-01
7.791856410143543910e-01
7.093296638806307897e-01
8.063886335880360301e-01
1.025253713865447391e+00
1.255794742299630951e+00
1.385695018008117119e+00
1.363890404043656579e+00
1.224238248574423871e+00
1.056237952348385134e+00
9.455776579873782506e-01
9.255465139100688132e-01
9.692433921385316120e-01
1.021994050359905648e+00
1.046728595838140929e+00
1.049761188357532404e+00
1.070709008065157120e+00
1.147353485580288490e+00
1.287649614823086264e+00
1.476112656466267881e+00
1.707986361412428433e+00
2.017343246280624669e+00
2.475386009132304110e+00
3.158513556977519343e+00
4.091479318590055314e+00
5.183615849553147470e+00
6.210302566615320430e+00
6.891568738117072712e+00
7.048100425783622391e+00
6.730574053544450486e+00
6.207618844017255277e+00
5.790226153762346506e+00
5.609371158005827418e+00
5.525289926224399295e+00
5.250869448663730843e+00
4.592263606894865013e+00
3.614554078566750039e+00
2.611598048214353707e+00
1.918547229712671776e+00
1.710668669648011786e+00
1.917094316558890066e+00
2.285013246309300250e+00
2.537274885710941064e+00
2.525942415360390214e+00
2.305566489959935517e+00
2.104704079260449667e+00
2.217956710523332209e+00
2.853616714826983980e+00
3.980830001731692658e+00
5.254595425729290170e+00
6.114502136284707845e+00
6.073205633493047984e+00
5.052495357482595928e+00
3.528881854648235894e+00
2.333105705645867722e+00
2.179755331359328085e+00
3.216493043945293007e+00
4.897743780491689236e+00
6.280552268275388705e+00
6.565631740358806034e+00
5.554187765270045318e+00
3.749449433525420261e+00
2.052733338314268519e+00
1.244847063986725288e+00
1.561798184173812221e+00
2.607207265358425730e+00
3.634030185825298798e+00
4.002077394232197882e+00
3.522997168274620616e+00
2.500667959959251174e+00
1.483036615588495755e+00
9.140564023375616909e-01
9.075121778039639819e-01
1.254880555289654476e+00
1.615563462543560425e+00
1.736343848914019494e+00
1.565339542692887109e+00
1.225190494638287886e+00
9.023270680342485583e-01
7.361433189242051478e-01
7.619293419013383195e-01
9.177618153153180858e-01
1.096849778841713530e+00
1.213183106221145779e+00
1.244165922831002691e+00
1.225727649206129533e+00
1.207285639527654331e+00
1.205598298216118858e+00
1.196454287176688336e+00
1.147381698572418784e+00
1.057222357204569585e+00
9.653345533957955471e-01
9.235735788893607578e-01
9.562268511203392274e-01
1.040559133931278524e+00
1.122703125164733695e+00
1.156026982200728748e+00
1.131831976849518639e+00
1.079592412738647589e+00
1.040324845957961930e+00
1.036997095701542637e+00
1.062673049046797491e+00
1.089683483964322352e+00
1.090994665858182611e+00
1.062482980661647813e+00
1.033581688013158528e+00
1.054158030049932249e+00
1.159140903756873398e+00
1.335104977184227604e+00
1.517830668096436186e+00
1.625838164679544784e+00
1.606722251167121973e+00
1.466490957756733771e+00
1.265880461771986987e+00
1.087481749919591678e+00
9.930421238776740989e-01
9.948521787172430741e-01
1.055915693833504143e+00
1.116278395313346605e+00
1.128844139597503515e+00
1.084787731835415991e+00
1.016063948995385102e+00
9.757937297148031597e-01
1.008932990893458781e+00
1.128169281372983335e+00
1.304415884081801869e+00
1.475599539719215425e+00
1.573237162473479556e+00
1.558147146388171533e+00
1.446512134237985414e+00
1.306787349754433558e+00
1.223824773244568176e+00
1.251839350009882779e+00
1.392374315494847803e+00
1.619811713884025783e+00
1.940577619327218839e+00
2.438344127970619279e+00
3.251271659222707999e+00
4.465937063128199824e+00
5.987530726549081805e+00
7.494827051465319023e+00
8.544753513179182747e+00
8.780531483953508243e+00
8.118517632558003072e+00
6.800700414540552963e+00
5.280452123124856456e+00
4.006043246070817077e+00
3.228316543319122545e+00
2.943384390660924943e+00
2.989662895579051849e+00
3.214548198470712492e+00
3.585264202640079390e+00
4.167505200691859812e+00
4.997331733843856760e+00
5.953034248244410520e+00
6.737147040919937879e+00
7.001981780437363412e+00
6.546359312381031970e+00
5.452997942431735190e+00
4.072951753842126266e+00
2.866888745455106413e+00
2.200195629354516846e+00
2.202313535322424354e+00
2.748860965762527808e+00
3.552527111115237890e+00
4.296711063521494012e+00
4.740294678620561974e+00
4.762578153732824227e+00
4.366971759904445527e+00
3.672400223270124275e+00
2.890729197510889747e+00
2.270365272712337568e+00
2.015010157165373794e+00
2.220800509264576394e+00
2.859082820059478891e+00
3.788927849157997407e+00
4.778143204223757046e+00
5.544042907881885363e+00
5.837009542416002894e+00
5.554387446978026333e+00
4.821837131936864473e+00
3.966545911152501880e+00
3.361879948550500874e+00
3.220455944682017346e+00
3.472405931878965735e+00
3.819680854539716730e+00
3.930015119475025021e+00
3.635039933199338158e+00
3.008714585649799211e+00
2.298603458024814472e+00
1.774312355253832907e+00
1.587306639321396595e+00
1.709427576688594241e+00
1.967653814443754534e+00
2.147257254093170253e+00
2.107277535559636039e+00
1.848463528624851859e+00
1.499057237683422139e+00
1.230235656086498430e+00
1.154998092066914284e+00
1.272962569280971845e+00
1.490797057702709205e+00
1.694902214419293118e+00
1.818524364751721967e+00
1.859348273292130704e+00
1.853621822005322217e+00
1.850195919976981296e+00
1.916118328747306698e+00
2.155713123940649290e+00
2.690161210112470780e+00
3.574301343899398464e+00
4.703499492413850902e+00
5.802222911627262114e+00
6.534301490957759917e+00
6.674190112153763010e+00
6.221365556213237724e+00
5.381339069742007375e+00
4.440119278277502524e+00
3.629028613650618684e+00
3.059193680808988791e+00
2.736740784807311755e+00
2.619645503654919327e+00
2.670047106743345999e+00
2.876440830732810205e+00
3.250860379148413859e+00
3.821574127082045802e+00
4.619385934637959323e+00
5.631500802213087908e+00
6.730808246297979913e+00
7.649215827683865321e+00
8.057606665346010999e+00
7.730765041848830066e+00
6.696935338575344510e+00
5.265409609724793327e+00
3.894227375068362917e+00
2.964418701309900150e+00
2.598875375337653892e+00
2.640476066113663478e+00
2.793647520503424353e+00
2.820826559048197790e+00
2.658148169262436245e+00
2.389905541455155102e+00
2.132762317693134957e+00
1.936434369197763683e+00
1.770498274556023377e+00
1.583366552364352087e+00
1.366887054593435957e+00
1.172868419235799209e+00
1.077557212376091034e+00
1.129484531971656214e+00
1.325563756443697505e+00
1.641999950014012111e+00
2.099511441073322437e+00
2.789028168336968427e+00
3.794224122769157770e+00
5.050433958668187451e+00
6.275547178364269563e+00
7.070134472551482752e+00
7.134477430572244039e+00
6.444456843312448946e+00
5.265245478929118761e+00
4.007431113696065417e+00
3.027536401159100610e+00
2.485625223550422813e+00
2.318214991606064590e+00
2.316799635335832441e+00
2.257664902809617402e+00
2.017100256263116176e+00
1.623216298036147753e+00
1.231277393200270298e+00
1.045959050422389902e+00
1.233291741571491018e+00
1.858961212114707440e+00
2.861903550760444226e+00
4.048711441146576995e+00
5.109149536494037136e+00
5.687629940088335445e+00
5.528930285733281380e+00
4.634091855346521349e+00
3.306295526542741836e+00
2.022220702745429310e+00
1.194023944511042101e+00
9.717245533986818007e-01
1.205845008789204753e+00
1.579051931720254043e+00
1.808858105136400107e+00
1.789743458628059836e+00
1.598503259285972700e+00
1.387771862222176411e+00
1.262720221529298303e+00
1.226532813348121920e+00
1.212761384945079346e+00
1.159196544311063004e+00
1.061214253406824293e+00
9.705597465972948257e-01
9.490369489606915732e-01
1.016217119911738243e+00
1.130428079623318594e+00
1.215434876148304033e+00
1.211428778234560300e+00
1.113110812391331583e+00
9.698510985182761113e-01
8.514903958033706033e-01
8.062506652078739178e-01
8.388851910811440105e-01
9.189662668230593745e-01
1.006959838777833793e+00
1.076638222150310797e+00
1.121006912728020888e+00
1.144665606170786942e+00
1.154191760642059528e+00
1.155131961229382664e+00
1.154999111484742436e+00
1.164621036563911805e+00
1.191986215293661999e+00
1.232735005901519409e+00
1.268199218972397846e+00
1.275853707945019844e+00
1.244724904512712005e+00
1.183414040262410039e+00
1.114456895137156289e+00
1.059006226082238600e+00
1.022890936975181075e+00
9.943934105048746197e-01
9.556249919638178936e-01
8.997013875277705131e-01
8.419999850938240105e-01
8.165836809278301800e-01
8.568103843534276010e-01
9.702397411855159248e-01
1.125165453824586104e+00
1.260937924049265968e+00
1.318402104711807299e+00
1.272722890206825497e+00
1.149177878279759257e+00
1.012549060849735838e+00
9.345752286367001727e-01
9.554811584326636797e-01
1.061386423455095596e+00
1.193855690413608395e+00
1.288397005966651188e+00
1.315899134384114433e+00
1.295672390050730982e+00
1.271923481789198007e+00
1.278382975661263465e+00
1.322352260315224237e+00
1.392463240878009545e+00
1.471209021188455424e+00
1.542212914411039471e+00
1.600020946579393311e+00
1.664063462799895809e+00
1.780170487981571403e+00
1.994995333413262406e+00
2.312501688734555749e+00
2.662427308025102857e+00
2.910349786283024542e+00
2.916004413750636459e+00
2.612522876132563177e+00
2.058195545761865475e+00
1.424303069960218826e+00
9.212009104780692903e-01
7.015577488429135533e-01
7.912663128789386713e-01
1.082846640971606877e+00
1.394360329428611545e+00
1.563964796930172207e+00
1.531445759541457008e+00
1.362824765190849607e+00
1.202258654536744187e+00
1.177232618299540512e+00
1.315841001776073549e+00
1.530875089524343480e+00
1.680309624419145997e+00
1.660436464510241850e+00
1.468002037250413894e+00
1.194682662262500861e+00
9.679027143714759029e-01
8.859382989777336848e-01
9.858856811842154899e-01
1.244401987205731253e+00
1.588058914481231820e+00
1.904891541196081173e+00
2.071197539483569550e+00
2.000529659472618071e+00
1.693031702956759199e+00
1.249724894794185914e+00
8.345724568513108732e-01
6.003370935300219591e-01
6.169690174846953479e-01
8.408760263901097209e-01
1.141771728646737483e+00
1.372093345707566581e+00
1.439715673519773587e+00
1.344115538473061422e+00
1.160574865213425788e+00
9.884412598160104979e-01
8.964833859866008225e-01
8.944333927888181712e-01
9.419957577505146951e-01
9.850788341819824989e-01
9.943703475567227112e-01
9.823162655838795221e-01
9.901436117267038428e-01
1.056447556651259445e+00
1.191338241986936941e+00
1.375721076202806925e+00
1.582859600126948374e+00
1.797473805455339413e+00
2.011863160243704929e+00
2.206253858994040584e+00
2.339564215399195124e+00
2.366995963815064830e+00
2.274173384459297065e+00
2.098331237157056606e+00
1.913093277946143589e+00
1.783478230125292940e+00
1.725615646363999556e+00
1.703016662395732572e+00
1.660740254883731337e+00
1.569816819772316574e+00
1.449739038680961434e+00
1.355219926499702021e+00
1.338692687638822765e+00
1.415548414393840382e+00
1.555157937358163212e+00
1.701661035878200945e+00
1.809655450634330087e+00
1.871827937505867956e+00
1.919288491061446722e+00
1.990861070778841224e+00
2.091277244474234909e+00
2.172672445386945039e+00
2.159405658065591815e+00
2.000487192495144395e+00
1.710601203381746371e+00
1.371041276350454474e+00
1.092029076085921702e+00
9.606140857641940478e-01
1.001624626890987857e+00
1.168496940545840967e+00
1.366113645346081373e+00
1.495385426299854048e+00
1.501031991055562731e+00
1.399576146532987453e+00
1.268383139864290410e+00
1.196317473976708179e+00
1.225313969932988689e+00
1.323816811132865423e+00
1.411120511290696600e+00
1.412907838013949480e+00
1.306550844735113071e+00
1.126949569670764539e+00
9.361787529739824532e-01
7.846424102404661038e-01
6.910437961586816114e-01
6.489188652504899180e-01
6.466346350942034915e-01
6.806895797025434014e-01
7.523960659394640649e-01
8.554305970323605735e-01
9.704405351325664508e-01
1.076534705288314742e+00
1.175238294340700484e+00
1.309612434588518282e+00
1.556115311449127514e+00
1.978248616703604190e+00
2.561619250873206077e+00
3.178273811099144197e+00
3.621101185953351731e+00
3.702759765100652967e+00
3.363925243908162610e+00
2.721908997120702001e+00
2.022541936302549637e+00
1.516492789825095500e+00
1.330990951115754273e+00
1.414868662050962511e+00
1.589299358868017542e+00
1.667893921721062656e+00
1.567606676448054737e+00
1.345041370125860336e+00
1.145795483500462897e+00
1.107069287036796190e+00
1.275957593342877061e+00
1.590500009844147966e+00
1.928414971251222854e+00
2.184884755053459582e+00
2.325547804184777245e+00
2.386311885232816454e+00
2.436177463526873144e+00
2.539469464620858652e+00
2.732649465433023561e+00
3.005700003477794091e+00
3.287839786757587923e+00
3.460736267978869574e+00
3.412619411494119070e+00
3.105612071305050126e+00
2.605335690573441720e+00
2.047992021186265887e+00
1.570933753795829224e+00
1.256841577040695324e+00
1.120401429610434318e+00
1.130799368866199917e+00
1.248968269283442512e+00
1.461898762152165299e+00
1.795918486628762301e+00
2.293339077288816696e+00
2.960884126883090328e+00
3.726158902813071716e+00
4.437095753035204204e+00
4.911892021514682405e+00
5.018202200300263982e+00
4.740767005087730190e+00
4.193408122426489193e+00
3.558816686321056189e+00
2.990769889210959764e+00
2.546044717650945088e+00
2.191176978535116504e+00
1.868375578140823778e+00
1.560696351669929038e+00
1.306163980399716706e+00
1.158930086467532927e+00
1.137708607803501248e+00
1.206261382494030920e+00
1.300434575446865582e+00
1.378565363983301539e+00
1.454322491539181250e+00
1.582092764345660818e+00
1.798694659897347670e+00
2.064813282910296532e+00
2.262299119741382203e+00
2.264008800726648563e+00
2.027290916790868369e+00
1.634640802125885362e+00
1.246343327601060258e+00
1.002057220930861359e+00
9.460187575252315684e-01
1.024794063534384181e+00
1.145252535344617684e+00
1.238479478663560895e+00
1.284633052071237236e+00
1.296450156710627244e+00
1.290605596764564655e+00
1.273215866608808700e+00
1.243334438867048863e+00
1.202178374735069388e+00
1.155660066754750082e+00
1.107807671326347609e+00
1.053156562780172445e+00
9.786813584996304494e-01
8.775161941371473207e-01
7.642404834262409574e-01
6.763768647835323167e-01
6.555915392787364793e-01
7.195238165797024354e-01
8.467570129043713312e-01
9.948945670018319865e-01
1.156702269989753118e+00
1.427303300707454037e+00
2.012809722568042137e+00
3.115192376722486056e+00
4.729188581534048197e+00
6.507897086841427203e+00
7.845936350545347437e+00
8.170841737269205041e+00
7.268169886582452222e+00
5.432685354681469292e+00
3.348569421504078658e+00
1.770314752584836615e+00
1.193266634308496554e+00
1.690807016115339900e+00
2.964731162637663342e+00
4.517573292416215303e+00
5.826699565850494089e+00
6.474745055909861158e+00
6.253657251588463417e+00
5.237927319705364404e+00
3.773816752872783731e+00
2.347176267333254795e+00
1.374484701426203825e+00
1.028392437266113291e+00
1.194445686548056829e+00
1.573063458263680436e+00
1.856936349230835726e+00
1.882989966201552345e+00
1.686193371067492119e+00
1.440903029930896473e+00
1.332145308956279584e+00
1.434131257521207958e+00
1.669563976953929219e+00
1.872368383665971470e+00
1.905272715676993966e+00
1.748122908131585218e+00
1.501604135648243910e+00
1.314563786057238559e+00
1.289845164450346804e+00
1.427611877638238269e+00
1.634156621887776772e+00
1.782741648444569060e+00
1.786231417634246421e+00
1.641370229282881565e+00
1.425494061911419585e+00
1.252080748304411184e+00
1.209572284430289191e+00
1.314991853491014329e+00
1.508226199500847686e+00
1.691351696752795730e+00
1.787521019825911717e+00
1.778794983332773416e+00
1.699245887635908225e+00
1.596270947341672297e+00
1.496404613228746738e+00
1.403097687644733194e+00
1.324751319558748586e+00
1.305561185593522966e+00
1.424693976731340905e+00
1.748211323344456947e+00
2.257868753395890771e+00
2.812884881402303971e+00
3.191267610122546561e+00
3.203400205087771457e+00
2.809821959331341379e+00
2.159689295478782967e+00
1.517223488072924509e+00
1.122259108021879115e+00
1.073300713341046597e+00
1.298855898142702303e+00
1.620766637112423858e+00
1.859281545590961704e+00
1.916563547419332991e+00
1.802967442295547285e+00
1.609907268205766018e+00
1.454784436504258149e+00
1.423319357358872495e+00
1.528734225228932653e+00
1.704017259550641317e+00
1.834970617960435479e+00
1.821868429631467778e+00
1.637294953787374441e+00
1.345778777737186127e+00
1.072222169392831770e+00
9.359828131232695858e-01
9.870053295637934987e-01
1.180769199525000479e+00
1.409154118169024361e+00
1.570896330258492402e+00
1.636019009467122531e+00
1.656933868113925179e+00
1.714746956986715087e+00
1.841091625116572095e+00
1.979040637436498384e+00
2.016478485367399820e+00
1.867107031801986228e+00
1.538588721389139380e+00
1.140590145863333404e+00
8.323355486103557466e-01
7.509008692021600373e-01
9.642495658838601269e-01
1.458456047848893267e+00
2.139437706138168860e+00
2.840671206979699992e+00
3.356772086953939471e+00
3.518477915275944223e+00
3.281379620134045716e+00
2.766889396316394301e+00
2.213707121771369746e+00
1.859853495705237947e+00
1.825661208619312692e+00
2.067489894024145958e+00
2.423973240039824617e+00
2.717132312272449113e+00
2.842631494418302651e+00
2.803377399677460247e+00
2.683527598611140874e+00
2.590570013021639362e+00
2.600547848853110189e+00
2.731774206923256898e+00
2.951356286223758563e+00
3.197902030300596277e+00
3.401226370860845005e+00
3.497484331029734328e+00
3.450998532471120317e+00
3.282177138402017302e+00
3.078276917412779312e+00
2.960690013909610396e+00
3.010887250674062710e+00
3.198940460552870402e+00
3.376146962993092249e+00
3.358096576375071862e+00
3.052795660390728916e+00
2.541352383287712957e+00
2.044972083227233117e+00
1.793683482217464542e+00
1.882580322716175036e+00
2.209611093731681741e+00
2.535540239663497175e+00
2.629702857973608143e+00
2.411293800111849350e+00
1.996991896404433975e+00
1.623007418797412393e+00
1.490928336076267513e+00
1.639352152487415504e+00
1.925874209577993934e+00
2.125556951971311115e+00
2.074042379966073213e+00
1.764119422211252841e+00
1.344805109198047743e+00
1.031029064606522327e+00
9.783808170219183697e-01
1.197547302107004663e+00
1.561104916381931718e+00
1.892042371080841168e+00
2.065402647124949809e+00
2.055556313940383628e+00
1.916179816273115843e+00
1.729292443531853740e+00
1.563533223099821790e+00
1.456522381532659338e+00
1.417232649017342361e+00
1.439529992387881041e+00
1.516108550043306025e+00
1.643262402882623041e+00
1.816512232819264216e+00
2.026113482714806402e+00
2.257827855864858346e+00
2.492467643604876493e+00
2.696470553209252330e+00
2.813084743225057416e+00
2.777758588387798433e+00
2.566692266265678146e+00
2.253372593843741445e+00
2.025344578929229034e+00
2.122378858742323793e+00
2.702975532932388791e+00
3.715418174151497777e+00
4.884090780759418493e+00
5.851021230503623549e+00
6.372051367361502905e+00
6.411191461339217135e+00
6.082367215896393731e+00
5.529292865806224810e+00
4.854578830791187016e+00
4.122300349530049424e+00
3.388159276933613295e+00
2.714466849762214196e+00
2.162255725259306871e+00
1.772874640835230942e+00
1.551770117123969728e+00
1.462598794131144686e+00
1.437118739780096188e+00
1.401326369061520971e+00
1.309120896635085574e+00
1.169295027523201691e+00
1.054019353806492365e+00
1.078780876980353964e+00
1.346450649012350897e+00
1.870699221250859745e+00
2.528851449690590059e+00
3.094291750300805610e+00
3.344436587161617958e+00
3.180324270504523376e+00
2.684871839074262745e+00
2.088960141482312682e+00
1.665311067367315712e+00
1.600835682199841070e+00
1.907954761297695701e+00
2.421199803457852795e+00
2.881885909203411256e+00
3.064065428879289676e+00
2.876360430924877587e+00
2.393675385159274249e+00
1.809917613287408855e+00
1.339830592573259205e+00
1.122305929076336639e+00
1.174960563612689191e+00
1.416929280368087074e+00
1.733652166256532956e+00
2.034903583683979722e+00
2.271632071574134493e+00
2.416743342691420882e+00
2.446466046914541170e+00
2.352192133431813659e+00
2.172528511282060038e+00
2.003215284187689793e+00
1.955945367372649457e+00
2.088034891074062482e+00
2.362147791635996530e+00
2.674795578071453850e+00
2.929971095203168563e+00
3.093967395492842165e+00
3.189289676866185363e+00
3.243684858408112159e+00
3.247963686212258949e+00
3.163122366221615245e+00
2.967911464688585355e+00
2.696877878111762161e+00
2.427921562688539314e+00
2.231825453113147617e+00
2.133975252489558105e+00
2.117438148367985828e+00
2.149174702410201032e+00
2.196702178029354968e+00
2.227432157288739667e+00
2.206720388925248688e+00
2.108145553313943488e+00
1.932937863998934747e+00
1.724464709525652006e+00
1.561792646045846444e+00
1.523565848160829406e+00
1.635091065426571566e+00
1.836438030158687340e+00
2.006315107053909141e+00
2.035531088706569847e+00
1.899551380268080791e+00
1.675467997564975109e+00
1.490775842571251397e+00
1.443299603749890192e+00
1.548716806490883835e+00
1.743041564802077170e+00
1.925031081718240333e+00
2.006770589744180544e+00
1.950870796447655708e+00
1.784919230697311843e+00
1.589578907678734332e+00
1.464678898586780464e+00
1.487060835244878865e+00
1.676454476922206061e+00
1.981464317720162072e+00
2.292881635257098427e+00
2.485146124751327346e+00
2.472972125929826959e+00
2.255426750321350760e+00
1.921885194451698364e+00
1.615061907896322646e+00
1.467736769144958320e+00
1.540760515180222834e+00
1.791646362843206886e+00
2.093172065364333978e+00
2.296751128229632233e+00
2.307108414566501509e+00
2.125266928512874465e+00
1.836796436869739590e+00
1.557133407978192441e+00
1.370018864009064474e+00
1.295461858767078311e+00
1.302558212146486039e+00
1.351214811451712405e+00
1.425830908683206388e+00
1.533986842137196493e+00
1.678526513496247041e+00
1.835974375079619803e+00
1.962770128562654648e+00
2.021268680459662903e+00
2.003053029223791803e+00
1.933873655080418308e+00
1.857570487769877765e+00
1.807618810266322873e+00
1.783298469689403642e+00
1.747669136616141206e+00
1.652507345948495132e+00
1.477051880780608561e+00
1.255253828890246171e+00
1.069348144724860061e+00
1.006722335153657388e+00
1.103642632664511236e+00
1.314838642328898022e+00
1.534999483651112939e+00
1.662690178797102458e+00
1.666692212743781099e+00
1.609784415094501542e+00
1.606838041092183644e+00
1.736876474060356612e+00
1.972390350776914048e+00
2.190697666288815348e+00
2.269676250618779090e+00
2.192457714831657967e+00
2.071215272945934327e+00
2.066044360119938084e+00
2.259446651859808419e+00
2.580513394742811162e+00
2.837505070629043669e+00
2.842305096881284854e+00
2.543581840812652040e+00
2.073590718829961155e+00
1.671294727783364298e+00
1.533184173174295450e+00
1.694108004751057495e+00
2.014270643940284433e+00
2.271388382736571288e+00
2.292083704203292438e+00
2.044033096020927420e+00
1.643531066513838290e+00
1.282722038666181730e+00
1.121628936953196209e+00
1.206768718911261473e+00
1.463147874855237562e+00
1.763962975198793082e+00
2.030768022168845999e+00
2.287525831255263764e+00
2.618856229217430442e+00
3.063479424556143638e+00
3.539271803986248077e+00
3.872234954965967368e+00
3.907423735392796971e+00
3.612268132912882734e+00
3.099666686369026536e+00
2.565582853619447601e+00
2.187826297524626984e+00
2.043190108045226161e+00
2.082756269305121144e+00
2.174347944505736319e+00
2.184509173496308687e+00
2.049664240482826916e+00
1.798834540007047345e+00
1.529737330261828232e+00
1.368417598373197874e+00
1.434525467881299310e+00
1.808294108527963129e+00
2.490285466631310118e+00
3.367811942131434311e+00
4.219349040012394525e+00
4.775532338559230539e+00
4.822666066985002331e+00
4.304603801414097042e+00
3.368028974773168205e+00
2.315706543970710296e+00
1.480105888428646654e+00
1.080404510456346889e+00
1.141135130517986429e+00
1.512665152940134483e+00
1.969012451067523983e+00
2.317508798093151245e+00
2.463537100907308819e+00
2.416064798655399581e+00
2.257437060907001580e+00
2.103923889117556012e+00
2.060940284204075379e+00
2.170521161990790038e+00
2.374388894469300570e+00
2.533090191310040762e+00
2.509522028981296060e+00
2.265915073593743223e+00
1.899637704283817508e+00
1.585384443604036298e+00
1.464644555575844942e+00
1.563253163091195219e+00
1.790502641033135722e+00
2.006330699145987939e+00
2.099098045073269247e+00
2.028381732162401363e+00
1.827048996837900896e+00
1.580006726014108409e+00
1.395209220487411139e+00
1.373329977148100234e+00
1.575668619870660203e+00
1.990615674928073009e+00
2.514132202007362427e+00
2.973032200944752734e+00
3.199091091870148063e+00
3.115082039037929462e+00
2.773586230047746515e+00
2.321858160256326187e+00
1.918321030458231435e+00
1.655100321961486820e+00
1.533019733696816322e+00
1.499972927148566226e+00
1.519797052017883177e+00
1.614440100363618846e+00
1.840989927798020620e+00
2.219810986531169483e+00
2.676031463206596239e+00
3.050359488250715234e+00
3.180354869417723052e+00
2.998188362005641761e+00
2.579362149870495724e+00
2.110055427452869115e+00
1.789982790033122662e+00
1.726088195457291530e+00
1.880965669582942201e+00
2.107461966556251731e+00
2.243692268294843029e+00
2.204377947741168242e+00
2.016032414599636891e+00
1.790368513255139682e+00
1.667343937746911919e+00
1.759091788690622327e+00
2.106088152590416929e+00
2.652369702753034186e+00
3.259818777307951887e+00
3.775378499217886485e+00
4.120264437883227160e+00
4.332216732783517266e+00
4.518004244666212976e+00
4.746711392116460537e+00
4.965767890429282794e+00
5.014082700105473300e+00
4.744494229786985429e+00
4.176568049830163609e+00
3.545992343092268406e+00
3.174676407060396777e+00
3.237880272704486195e+00
3.613813969802865067e+00
3.949855081184505234e+00
3.907814390870417931e+00
3.409480762493715122e+00
2.701142899992683422e+00
2.184815126409152874e+00
2.133125514826076152e+00
2.494205986670703812e+00
2.928075581981020026e+00
3.042081817833860669e+00
2.650555713624337173e+00
1.881606849021786987e+00
1.076970284362886110e+00
5.730951269418140814e-01
5.137974726994554153e-01
8.008310530577597008e-01
1.187254665432142309e+00
1.434421049225603761e+00
1.433307046852046351e+00
1.231482603959645816e+00
9.712913955050164194e-01
7.918809000169556578e-01
7.558722736879487369e-01
8.352284591276705195e-01
9.514327911056219556e-01
1.035315867311285443e+00
1.066932000644956302e+00
1.077084410802202630e+00
1.122984065577463442e+00
1.265688961658050449e+00
1.563458344263220390e+00
2.067074039032866128e+00
2.792688545723950533e+00
3.672850375371886855e+00
4.524702548144177605e+00
5.083469540964343558e+00
5.112998706141756777e+00
4.545991775179133221e+00
3.566714802086103919e+00
2.565639629750891437e+00
1.968427293418241630e+00
2.023307963471967064e+00
2.667554183800695089e+00
3.560131277336607614e+00
4.270514417637632398e+00
4.508213634099464073e+00
4.250210805870556996e+00
3.702001228668676536e+00
3.141888575827389118e+00
2.759221726858488211e+00
2.578522402011613757e+00
2.494816472435497978e+00
2.380206093641987763e+00
2.189668462553878037e+00
1.999864094090418210e+00
1.952709009325380274e+00
2.136858730114224336e+00
2.493347311854961390e+00
2.826894704827187077e+00
2.929406969457132082e+00
2.732371466044808184e+00
2.374631883172284130e+00
2.126688690228901280e+00
2.215465538679649793e+00
2.673169846946314099e+00
3.322973425079014387e+00
3.908103847350808291e+00
4.257865437407532205e+00
4.367076664980389822e+00
4.350570534976828441e+00
4.335619461009233788e+00
4.388882469083181803e+00
4.520647257210540282e+00
4.722786920579201464e+00
4.975733700753500521e+00
5.232451767328268666e+00
5.442991927497594418e+00
5.617815392998869228e+00
5.831453796898401265e+00
6.111274852839044591e+00
6.313504545561111847e+00
6.148840241073032509e+00
5.384445849612793822e+00
4.065647150338599580e+00
2.565210954604829841e+00
1.404052773768231566e+00
9.603726037723773201e-01
1.258739956345310773e+00
1.969200460284818321e+00
2.607247665382273816e+00
2.805003148845027994e+00
2.492603590184307549e+00
1.895248789346673624e+00
1.367234325493549285e+00
1.176077390863305538e+00
1.364342645902808293e+00
1.755692096607554875e+00
2.082694882056834285e+00
2.149755770224297535e+00
1.935073609996720068e+00
1.581168642785205414e+00
1.294069307569031713e+00
1.221180930414693444e+00
1.379263494485003294e+00
1.664837868712617741e+00
1.929297262628947074e+00
2.067010979766039647e+00
2.062032445941262448e+00
1.970484176373092033e+00
1.863138842456647515e+00
1.778339474299738043e+00
1.716721118443895744e+00
1.668681012057763091e+00
1.642836972547796703e+00
1.669862243563908777e+00
1.777227593854386889e+00
1.954227098688128716e+00
2.139826101859482410e+00
2.251708079984882538e+00
2.239555808554913874e+00
2.122606353923152334e+00
1.982789359591789369e+00
1.916951547667441691e+00
1.978379997977923743e+00
2.144287879207223302e+00
2.329395871954136776e+00
2.435130281339571212e+00
2.401858525419797719e+00
2.235234951733327424e+00
1.998215321331051175e+00
1.777531559508271242e+00
1.641827389375946966e+00
1.611654851753888229e+00
1.656413168596972962e+00
1.718371412739648774e+00
1.748085144502997679e+00
1.729994320714948186e+00
1.684468441226076418e+00
1.647802910179302360e+00
1.646279673424105416e+00
1.684231423163817576e+00
1.752819790135035749e+00
1.846427977776507134e+00
1.969292718644873874e+00
2.130853993204855801e+00
2.341789021920750002e+00
2.614929298946761183e+00
2.960074355282670933e+00
3.366436796484287175e+00
3.786291621384999750e+00
4.138046269958474355e+00
4.332258148743350468e+00
4.310573197778420962e+00
4.079286215165004670e+00
3.714558525800551791e+00
3.329643647944393603e+00
3.023980723424673389e+00
2.846531376814653402e+00
2.786711355968046533e+00
2.785306963979676809e+00
2.759529507336287324e+00
2.643166100402426277e+00
2.429887893609590677e+00
2.188465362425641381e+00
2.026947700380014261e+00
2.022016256894063169e+00
2.163008481274146799e+00
2.353389845688591553e+00
2.469466244494380458e+00
2.433379171831557830e+00
2.251376431937658129e+00
2.000565196287485747e+00
1.783323223955401993e+00
1.678842201617247953e+00
1.711490314666227919e+00
1.846145206015265217e+00
2.014648940833681401e+00
2.163336384316365546e+00
2.289372441417734549e+00
2.429890596684519899e+00
2.605175115526109142e+00
2.767128744559032238e+00
2.808649097695438357e+00
2.636983762614249827e+00
2.256052333056626669e+00
1.790108449839666216e+00
1.421512488818113207e+00
1.279859753683929569e+00
1.361258482232091893e+00
1.539965637360176665e+00
1.670453242079683154e+00
1.712536569095202799e+00
1.785918303904053817e+00
2.094984163368349694e+00
2.756605214107008539e+00
3.655627707307045338e+00
4.455206302876989710e+00
4.778673796462492795e+00
4.444510133899816751e+00
3.592796828158044242e+00
2.622119544692932624e+00
1.986187866112632427e+00
1.975808959603403192e+00
2.593986834554842247e+00
3.564627588177092132e+00
4.458119989741429201e+00
4.879712841853517169e+00
4.639335285632141037e+00
3.822504787677571958e+00
2.729521046058132949e+00
1.721222886470375357e+00
1.057648178811866568e+00
8.120940431567628126e-01
8.926178319791954197e-01
1.137469103146556471e+00
1.411312025564017025e+00
1.643609667781579686e+00
1.807200184536858378e+00
1.882087963301778188e+00
1.846610895449246836e+00
1.699140020589595901e+00
1.481055541873938397e+00
1.270952043436347711e+00
1.146330490457424300e+00
1.139037946252670297e+00
1.218445591518216409e+00
1.316395823795763143e+00
1.381704114630619706e+00
1.437988355913889515e+00
1.609404694557148519e+00
2.073600516553817830e+00
2.933999931733081379e+00
4.082361405587644931e+00
5.171103513920844996e+00
5.755569377681173826e+00
5.535771411873120051e+00
4.542578208843540466e+00
3.146535744028975845e+00
1.886336508863786010e+00
1.224317943893882710e+00
1.362063770643855642e+00
2.188417177547789194e+00
3.351458208011826923e+00
4.406917120316266256e+00
4.991597211804413625e+00
4.963212924796952308e+00
4.443695770896955999e+00
3.738883263435231807e+00
3.178404377952257054e+00
2.968424745363092310e+00
3.133258606054313056e+00
3.555673537755161817e+00
4.063368769196014973e+00
4.495616566875288989e+00
4.725370137725449560e+00
4.665036653308796133e+00
4.292424604121974241e+00
3.689894694071909065e+00
3.046178187247650548e+00
2.583364644330456539e+00
2.439995915670453375e+00
2.595923595691344676e+00
2.899507304189409940e+00
3.170946550322217394e+00
3.295624559464458869e+00
3.247145071938319472e+00
3.053757005623261911e+00
2.761003222510240995e+00
2.419707592471677327e+00
2.087536612758912113e+00
1.821978564868523831e+00
1.660610124481513017e+00
1.602156670937225247e+00
1.604086796643525270e+00
1.602552137901743556e+00
1.546204381948093953e+00
1.425511590331282941e+00
1.282443299540084958e+00
1.200552684661795766e+00
1.284205934473465538e+00
1.624802318839573934e+00
2.244936196379487825e+00
3.040126237183684133e+00
3.774925640155635698e+00
4.171851315463759313e+00
4.055897992922735895e+00
3.460349462332046766e+00
2.619729429489368933e+00
1.853029412521283392e+00
1.410882876614351522e+00
1.375512414752729118e+00
1.658255176776686435e+00
2.074545808439876016e+00
2.438869131154496994e+00
2.631326165998524313e+00
2.621839896048004714e+00
2.462316231573241421e+00
2.257496379718821888e+00
2.119358547417935057e+00
2.117527542938752116e+00
2.251057260646653013e+00
2.463132787449933581e+00
2.695267379230085858e+00
2.945956982063969498e+00
3.284105210140732201e+00
3.793972639621053577e+00
4.487601435157908547e+00
5.256535958073781600e+00
5.902781743002927684e+00
6.221731131505547907e+00
6.081282627618818104e+00
5.469198902866360790e+00
4.509146691262298390e+00
3.438186686202270526e+00
2.531170759786307567e+00
1.989827379543172015e+00
1.856024833461610068e+00
2.004524435246133773e+00
2.219739754077009852e+00
2.309968896943219274e+00
2.196041366148322904e+00
1.931257469337665622e+00
1.649562964801596365e+00
1.477572164485113415e+00
1.463415563608973180e+00
1.561349020366283202e+00
1.673713879400799742e+00
1.716275191005006473e+00
1.663906912483516853e+00
1.554125409171760896e+00
1.455917850216293497e+00
1.428345337619814304e+00
1.491582120270103173e+00
1.621037136842264248e+00
1.763606117204424839e+00
1.867593134654124798e+00
1.912560018549546381e+00
1.922597285275046364e+00
1.951368667728020867e+00
2.044646220474671150e+00
2.208999342391069209e+00
2.417902353778672353e+00
2.650580194692019997e+00
2.916179651018985908e+00
3.225323326058509910e+00
3.534645778586220644e+00
3.733685332532973522e+00
3.709598371436659825e+00
3.445225039843548220e+00
3.062354556179454068e+00
2.760298514175990814e+00
2.689285347536834347e+00
2.859679763550603937e+00
3.160597074083336011e+00
3.462418620143294046e+00
3.701720554658485707e+00
3.875555625888079891e+00
3.973890816662448700e+00
3.940148861628684607e+00
3.709374567358888264e+00
3.287407953551592765e+00
2.794211441499835580e+00
2.427071219359092424e+00
2.361575509013567498e+00
2.649237839414448015e+00
3.172710919267388796e+00
3.688663847873782764e+00
3.939953250875861457e+00
3.779024417406118275e+00
3.238347706461267794e+00
2.513280467915729677e+00
1.868751743535048249e+00
1.518484131643682566e+00
1.535620840930679964e+00
1.834202590140217026e+00
2.225272191623598239e+00
2.517005434655150697e+00
2.608460637175491925e+00
2.529945133982787198e+00
2.412767066589557086e+00
2.415459280876733672e+00
2.658702377868846778e+00
3.197630468948583271e+00
4.010504077143108859e+00
4.973218006377149614e+00
5.841373637014621423e+00
6.303930047427149574e+00
6.127919039176614291e+00
5.313635714695871926e+00
4.136778843340914946e+00
3.026341689656410594e+00
2.349776302280620843e+00
2.240692917803919659e+00
2.567133668025056270e+00
3.042674477145346668e+00
3.397851991979287334e+00
3.504715231394548880e+00
3.393385825984191140e+00
3.181603302167414604e+00
2.989908044496184303e+00
2.895172431788747947e+00
2.918215023770734717e+00
3.018623229034338440e+00
3.097538242576792555e+00
3.032760036335931275e+00
2.747865266006724649e+00
2.274208370747290875e+00
1.755500227889025266e+00
1.382083821450760697e+00
1.290871915349381061e+00
1.489135594391059580e+00
1.845940264100055739e+00
2.156951320326849775e+00
2.248221738936365011e+00
2.063673377469709358e+00
1.691342398727645024e+00
1.319361641959559517e+00
1.149746190602809470e+00
1.310856697159494377e+00
1.798993725836183000e+00
2.469640417035894320e+00
3.093091851897495470e+00
3.463036766282386658e+00
3.501832311437937939e+00
3.291614389817976161e+00
3.008113996375746613e+00
2.807565466364462914e+00
2.748535232570447739e+00
2.792646376516505047e+00
2.859896308809309673e+00
2.880769331721377835e+00
2.813098287363395400e+00
2.637484617217652705e+00
2.359323526820991113e+00
2.022222907136587811e+00
1.712019076239910564e+00
1.531673066908309844e+00
1.551388608589800766e+00
1.762033081326735307e+00
2.064719109320180213e+00
2.311329461212754843e+00
2.379076677657971484e+00
2.236245074217877438e+00
1.956993729522188863e+00
1.674626369729045106e+00
1.503442381780034642e+00
1.479185017063701757e+00
1.553740595736591068e+00
1.641714756443577228e+00
1.682081034866969471e+00
1.673892111505760116e+00
1.670723240325733494e+00
1.744379616010321099e+00
1.936146886418891100e+00
2.217113076266514327e+00
2.484941014300142470e+00
2.613226903207505281e+00
2.533247257696857879e+00
2.293780578128112868e+00
2.047429425242512036e+00
1.958694554365872031e+00
2.090098255705306052e+00
2.349532648217254049e+00
2.546657002898411015e+00
2.528611025071486829e+00
2.300906001122592581e+00
2.038565095337367516e+00
1.966464482987829054e+00
2.190803980410483298e+00
2.610712817693646937e+00
2.979466980421703326e+00
3.067577184827642078e+00
2.808860615528725901e+00
2.336159172181729637e+00
1.898756610391145294e+00
1.726808982340423126e+00
1.922440490751321063e+00
2.420400082372779149e+00
3.019111509014666073e+00
3.464157641191797588e+00
3.556724479253725590e+00
3.243743024675663555e+00
2.642847095259012846e+00
1.985852103661016388e+00
1.513346498285565112e+00
1.379696025811271598e+00
1.612318215045092318e+00
2.132506671042752711e+00
2.819382440356272390e+00
3.583110761110687381e+00
4.396828603749978193e+00
5.249460461526544108e+00
6.052015415405545440e+00
6.596698637337608417e+00
6.636872109637499406e+00
6.042648135254627739e+00
4.912457138628988140e+00
3.557067607708474632e+00
2.368630398664432146e+00
1.654147176626197924e+00
1.517488147915771801e+00
1.839265991978265680e+00
2.357474104366057865e+00
2.806457281881939103e+00
3.040984166773440300e+00
3.078594110118707317e+00
3.043073999080612602e+00
3.053353433390312954e+00
3.132420368482780049e+00
3.193490197932427499e+00
3.108441229801743422e+00
2.807455104703820314e+00
2.338134989080331128e+00
1.846550369505365330e+00
1.502936017233051480e+00
1.425445633383522814e+00
1.636498369507662920e+00
2.055670596093995162e+00
2.526950117638307347e+00
2.879708724899472383e+00
3.003782514325098241e+00
2.898082793221658626e+00
2.665245320755190495e+00
2.462946171522262695e+00
2.441716216362778358e+00
2.685454009334549585e+00
3.160195878854399787e+00
3.695756897992041878e+00
4.039399437467964482e+00
3.982123223670198886e+00
3.488259101867393408e+00
2.735178536479446976e+00
2.026682061271779745e+00
1.632629792648267575e+00
1.654387855591699319e+00
1.990039163052109705e+00
2.404995266429138745e+00
2.656964543507043697e+00
2.609049731255838722e+00
2.284544091910620356e+00
1.850092537048368735e+00
1.540778431078337452e+00
1.555862404489988915e+00
1.966457225436060163e+00
2.682755123668893127e+00
3.504448761165669612e+00
4.223723182463587911e+00
4.711657630287851894e+00
4.937924670072748157e+00
4.933764116456924143e+00
4.750006461630372989e+00
4.447928825453311141e+00
4.110832193282205616e+00
3.832827551963745805e+00
3.667494581086204075e+00
3.580938620079997747e+00
3.474123597356092663e+00
3.274958317282957054e+00
3.016406743818142555e+00
2.817431310795054600e+00
2.777062146541475318e+00
2.877868750357114092e+00
2.986920776297986357e+00
2.955098624117873829e+00
2.732297136047761921e+00
2.404782770265051717e+00
2.126426721230967321e+00
2.001157685317894508e+00
2.008799663170776739e+00
2.026277816839071821e+00
1.921071271366596500e+00
1.645408493917707382e+00
1.268008619703157702e+00
9.295654607305484651e-01
7.599586881028522756e-01
8.149796332671856991e-01
1.066579913439528848e+00
1.434598626286459844e+00
1.822167147393739750e+00
2.133981308631663687e+00
2.289276239817439773e+00
2.245767824804331347e+00
2.024928324443738603e+00
1.711803804531442319e+00
1.418604910490678384e+00
1.232124238863570032e+00
1.178143693349930521e+00
1.221911560649026951e+00
1.299011065531394227e+00
1.355159818179512143e+00
1.373151677527185477e+00
1.376122507185929322e+00
1.410427873834019463e+00
1.519348274222720896e+00
1.717790522254178942e+00
1.976142997746216601e+00
2.222739552748287384e+00
2.369838234235177588e+00
2.353481927333381130e+00
2.166136568153648856e+00
1.864070515066217126e+00
1.544849961742791100e+00
1.305025771930109268e+00
1.199218093054257084e+00
1.223355027169114484e+00
1.329694631995175458e+00
1.457130263414835980e+00
1.552413684166547903e+00
1.576616718551431484e+00
1.510768981732996119e+00
1.368501156774762029e+00
1.202477371695555242e+00
1.086510396411672685e+00
1.076556175927922521e+00
1.178947228088438770e+00
1.353017822498327583e+00
1.544149971158216728e+00
1.714791314307163805e+00
1.847972746194872951e+00
1.930689803807309035e+00
1.944483579651815841e+00
1.880868650202510262e+00
1.775497204320947153e+00
1.733130021825748157e+00
1.905207896861827344e+00
